Time,PM25,Temp,WindSpeed,WindDir
2017-07-01 00:00:00,21.666666666666668,26.400000000000002,14.0,140.0
2017-07-01 06:00:00,19.833333333333332,28.316666666666666,14.0,140.0
2017-07-01 12:00:00,18.333333333333332,33.9,14.0,140.0
2017-07-01 18:00:00,28.833333333333332,29.03333333333333,14.0,140.0
2017-07-02 00:00:00,37.0,26.2,14.0,140.0
2017-07-02 06:00:00,34.666666666666664,27.650000000000002,14.0,140.0
2017-07-02 12:00:00,10.0,32.8,14.0,140.0
2017-07-02 18:00:00,33.5,28.883333333333336,14.0,140.0
2017-07-03 00:00:00,26.5,26.55,14.0,140.0
2017-07-03 06:00:00,31.833333333333332,28.099999999999998,14.0,140.0
2017-07-03 12:00:00,12.833333333333334,32.68333333333333,14.0,140.0
2017-07-03 18:00:00,17.833333333333332,27.816666666666663,14.0,140.0
2017-07-04 00:00:00,34.5,25.599999999999998,14.0,140.0
2017-07-04 06:00:00,24.833333333333332,25.96666666666667,14.0,140.0
2017-07-04 12:00:00,16.5,27.433333333333334,14.0,140.0
2017-07-04 18:00:00,16.666666666666668,25.566666666666666,14.0,140.0
2017-07-05 00:00:00,14.333333333333334,24.483333333333334,14.0,140.0
2017-07-05 06:00:00,23.333333333333332,26.28333333333333,14.0,140.0
2017-07-05 12:00:00,12.499999999999998,26.599999999999998,14.0,140.0
2017-07-05 18:00:00,29.833333333333332,25.066666666666666,14.0,140.0
2017-07-06 00:00:00,23.833333333333332,24.366666666666664,14.0,140.0
2017-07-06 06:00:00,22.5,26.733333333333334,14.0,140.0
2017-07-06 12:00:00,11.0,30.166666666666668,14.0,140.0
2017-07-06 18:00:00,18.166666666666668,26.78333333333333,14.0,140.0
2017-07-07 00:00:00,11.833333333333334,25.0,33.666666666666664,233.33333333333334
2017-07-07 06:00:00,14.300265496885167,26.71666666666667,29.0,253.33333333333334
2017-07-07 12:00:00,16.0,29.933333333333334,20.166666666666668,243.33333333333334
2017-07-07 18:00:00,11.633598830218501,26.849999999999998,27.666666666666668,248.33333333333334
2017-07-08 00:00:00,13.333333333333334,24.78333333333333,18.166666666666668,221.66666666666666
2017-07-08 06:00:00,12.5,24.633333333333336,19.0,217.5
2017-07-08 12:00:00,9.466932163551833,27.133333333333336,19.333333333333332,216.66666666666666
2017-07-08 18:00:00,33.83333333333333,25.75,22.166666666666668,219.16666666666666
2017-07-09 00:00:00,19.666666666666664,24.616666666666664,19.5,222.5
2017-07-09 06:00:00,31.333333333333332,26.633333333333336,14.5,225.83333333333334
2017-07-09 12:00:00,7.333333333333333,32.43333333333333,13.0,228.33333333333334
2017-07-09 18:00:00,31.833333333333332,28.883333333333336,12.0,218.33333333333334
2017-07-10 00:00:00,17.500000000000004,26.083333333333332,19.333333333333332,326.6666666666667
2017-07-10 06:00:00,26.166666666666668,27.383333333333336,15.833333333333334,62.5
2017-07-10 12:00:00,12.666666666666666,32.03333333333333,7.833333333333333,4.166666666666667
2017-07-10 18:00:00,38.166666666666664,27.8,11.0,27.5
2017-07-11 00:00:00,18.767197660437002,25.28333333333333,26.833333333333332,86.66666666666667
2017-07-11 06:00:00,25.666666666666668,27.400000000000002,39.333333333333336,85.83333333333333
2017-07-11 12:00:00,23.833333333333332,31.583333333333332,44.0,77.5
2017-07-11 18:00:00,38.333333333333336,27.883333333333336,43.333333333333336,70.0
2017-07-12 00:00:00,9.966932163551833,25.616666666666664,16.5,119.16666666666667
2017-07-12 06:00:00,27.66666666666666,26.916666666666668,9.333333333333334,105.83333333333333
2017-07-12 12:00:00,13.0,31.316666666666666,10.666666666666666,102.5
2017-07-12 18:00:00,34.333333333333336,27.766666666666666,11.166666666666666,101.66666666666667
2017-07-13 00:00:00,36.666666666666664,25.433333333333334,34.166666666666664,220.83333333333334
2017-07-13 06:00:00,21.0,26.700000000000003,36.333333333333336,258.3333333333333
2017-07-13 12:00:00,11.050265496885169,30.583333333333332,32.666666666666664,254.16666666666666
2017-07-13 18:00:00,39.166666666666664,27.3,36.0,248.33333333333334
2017-07-14 00:00:00,9.666666666666666,25.333333333333332,35.833333333333336,256.6666666666667
2017-07-14 06:00:00,22.666666666666668,27.333333333333332,35.0,265.8333333333333
2017-07-14 12:00:00,6.600530993770337,30.966666666666665,30.333333333333332,263.3333333333333
2017-07-14 18:00:00,14.083333333333334,27.13333333333333,37.833333333333336,269.1666666666667
2017-07-15 00:00:00,16.666666666666668,24.78333333333333,38.333333333333336,280.0
2017-07-15 06:00:00,22.0,24.633333333333336,52.833333333333336,276.6666666666667
2017-07-15 12:00:00,16.333333333333332,26.516666666666666,53.0,286.6666666666667
2017-07-15 18:00:00,38.833333333333336,25.733333333333334,49.0,275.0
2017-07-16 00:00:00,28.833333333333332,23.816666666666666,43.666666666666664,275.8333333333333
2017-07-16 06:00:00,21.333333333333332,25.400000000000002,44.0,271.6666666666667
2017-07-16 12:00:00,7.666666666666667,29.933333333333334,38.333333333333336,275.8333333333333
2017-07-16 18:00:00,15.833333333333334,26.45,41.5,270.0
2017-07-17 00:00:00,22.333333333333332,24.066666666666666,46.0,265.0
2017-07-17 06:00:00,20.333333333333332,23.816666666666666,52.833333333333336,272.5
2017-07-17 12:00:00,18.083333333333332,27.2,56.166666666666664,262.5
2017-07-17 18:00:00,20.666666666666664,25.316666666666666,56.666666666666664,251.66666666666666
2017-07-18 00:00:00,23.833333333333332,23.833333333333332,52.666666666666664,249.16666666666666
2017-07-18 06:00:00,23.333333333333332,24.7,47.833333333333336,253.33333333333334
2017-07-18 12:00:00,4.666666666666666,29.96666666666667,37.833333333333336,263.3333333333333
2017-07-18 18:00:00,38.333333333333336,27.333333333333332,32.833333333333336,261.6666666666667
2017-07-19 00:00:00,19.333333333333332,24.86666666666667,37.333333333333336,279.1666666666667
2017-07-19 06:00:00,16.333333333333332,26.7,35.666666666666664,285.8333333333333
2017-07-19 12:00:00,17.133598830218503,31.2,29.166666666666668,281.6666666666667
2017-07-19 18:00:00,19.666666666666664,27.683333333333334,33.833333333333336,272.5
2017-07-20 00:00:00,12.166666666666666,24.883333333333336,35.833333333333336,283.3333333333333
2017-07-20 06:00:00,4.034395320874007,25.21666666666667,34.0,290.0
2017-07-20 12:00:00,9.133598830218501,27.8,20.0,308.3333333333333
2017-07-20 18:00:00,17.166666666666664,25.433333333333334,21.0,271.6666666666667
2017-07-21 00:00:00,14.5,23.733333333333334,23.5,271.6666666666667
2017-07-21 06:00:00,24.133598830218503,24.916666666666668,12.333333333333334,294.1666666666667
2017-07-21 12:00:00,12.83333333333333,28.650000000000002,12.5,271.6666666666667
2017-07-21 18:00:00,44.333333333333336,26.8,18.333333333333332,255.0
2017-07-22 00:00:00,11.333333333333334,24.933333333333334,29.666666666666668,256.6666666666667
2017-07-22 06:00:00,24.166666666666668,25.71666666666667,24.333333333333332,260.0
2017-07-22 12:00:00,4.001327484425843,30.100000000000005,25.666666666666668,259.1666666666667
2017-07-22 18:00:00,40.5,27.46666666666667,31.0,253.33333333333334
2017-07-23 00:00:00,20.333333333333336,25.28333333333333,30.666666666666668,274.1666666666667
2017-07-23 06:00:00,9.833333333333332,26.7,24.0,275.8333333333333
2017-07-23 12:00:00,17.466932163551835,32.016666666666666,20.166666666666668,270.8333333333333
2017-07-23 18:00:00,27.666666666666668,28.733333333333334,29.166666666666668,271.6666666666667
2017-07-24 00:00:00,20.166666666666668,25.933333333333334,28.5,289.1666666666667
2017-07-24 06:00:00,18.0,27.0,26.0,303.3333333333333
2017-07-24 12:00:00,8.5,31.88333333333333,24.5,287.5
2017-07-24 18:00:00,19.5,27.233333333333334,31.333333333333332,284.1666666666667
2017-07-25 00:00:00,21.333333333333332,25.099999999999998,37.5,300.8333333333333
2017-07-25 06:00:00,29.166666666666668,25.650000000000002,40.166666666666664,317.5
2017-07-25 12:00:00,14.333333333333334,29.933333333333334,35.166666666666664,319.1666666666667
2017-07-25 18:00:00,27.666666666666668,27.183333333333334,32.5,300.8333333333333
2017-07-26 00:00:00,8.550265496885167,25.133333333333336,33.0,297.5
2017-07-26 06:00:00,16.333333333333332,25.349999999999998,36.666666666666664,308.3333333333333
2017-07-26 12:00:00,12.333333333333334,28.316666666666666,35.333333333333336,317.5
2017-07-26 18:00:00,17.499999999999996,25.566666666666666,29.333333333333332,301.6666666666667
2017-07-27 00:00:00,12.166666666666666,24.21666666666667,41.0,295.8333333333333
2017-07-27 06:00:00,26.333333333333332,24.95,42.666666666666664,300.8333333333333
2017-07-27 12:00:00,11.166666666666666,27.0,35.666666666666664,292.5
2017-07-27 18:00:00,29.0,26.066666666666666,36.0,276.6666666666667
2017-07-28 00:00:00,22.0,24.316666666666666,39.166666666666664,274.1666666666667
2017-07-28 06:00:00,20.666666666666668,26.03333333333333,42.333333333333336,275.0
2017-07-28 12:00:00,15.166666666666666,31.53333333333333,39.333333333333336,266.6666666666667
2017-07-28 18:00:00,32.166666666666664,26.933333333333334,51.833333333333336,259.1666666666667
2017-07-29 00:00:00,14.800265496885169,24.816666666666666,51.166666666666664,278.3333333333333
2017-07-29 06:00:00,19.767197660437006,25.71666666666667,35.5,279.1666666666667
2017-07-29 12:00:00,22.5,31.0,37.333333333333336,265.0
2017-07-29 18:00:00,41.5,28.183333333333334,40.666666666666664,255.83333333333334
2017-07-30 00:00:00,30.999999999999996,25.71666666666667,44.0,270.8333333333333
2017-07-30 06:00:00,21.666666666666668,26.78333333333333,37.333333333333336,277.5
2017-07-30 12:00:00,20.833333333333336,32.733333333333334,31.333333333333332,261.6666666666667
2017-07-30 18:00:00,42.5,29.883333333333336,33.0,252.5
2017-07-31 00:00:00,29.5,26.133333333333336,39.333333333333336,265.8333333333333
2017-07-31 06:00:00,33.5,27.433333333333334,43.833333333333336,283.3333333333333
2017-07-31 12:00:00,21.46693216355183,33.550000000000004,31.5,274.1666666666667
2017-07-31 18:00:00,53.333333333333336,30.450000000000003,28.833333333333332,250.0
2017-08-01 00:00:00,37.49999999999999,26.816666666666666,29.0,245.0
2017-08-01 06:00:00,20.333333333333332,27.816666666666666,29.0,245.0
2017-08-01 12:00:00,25.5,33.68333333333333,29.0,245.0
2017-08-01 18:00:00,40.0,30.583333333333332,29.0,245.0
2017-08-02 00:00:00,30.5,26.616666666666664,29.0,245.0
2017-08-02 06:00:00,25.83333333333333,28.099999999999998,29.0,245.0
2017-08-02 12:00:00,18.0,33.21666666666667,29.0,245.0
2017-08-02 18:00:00,35.333333333333336,29.516666666666666,29.0,245.0
2017-08-03 00:00:00,17.333333333333332,26.38333333333333,29.0,245.0
2017-08-03 06:00:00,19.833333333333332,27.566666666666666,29.0,245.0
2017-08-03 12:00:00,13.166666666666666,32.3,29.0,245.0
2017-08-03 18:00:00,26.166666666666668,29.516666666666666,29.0,245.0
2017-08-04 00:00:00,16.333333333333332,26.566666666666666,29.0,245.0
2017-08-04 06:00:00,44.5,27.71666666666667,29.0,245.0
2017-08-04 12:00:00,23.166666666666668,32.833333333333336,29.0,245.0
2017-08-04 18:00:00,33.333333333333336,29.71666666666667,29.0,245.0
2017-08-05 00:00:00,19.333333333333332,26.849999999999998,29.0,245.0
2017-08-05 06:00:00,20.833333333333332,27.066666666666666,29.0,245.0
2017-08-05 12:00:00,30.0,30.233333333333334,29.0,245.0
2017-08-05 18:00:00,29.55555555555556,27.816666666666666,29.0,245.0
2017-08-06 00:00:00,14.611111111111112,25.483333333333334,29.0,245.0
2017-08-06 06:00:00,29.222222222222225,26.78333333333333,29.0,245.0
2017-08-06 12:00:00,19.11111111111111,30.21666666666667,29.0,245.0
2017-08-06 18:00:00,43.666666666666664,27.066666666666666,29.0,245.0
2017-08-07 00:00:00,17.166666666666668,25.349999999999998,26.333333333333332,246.66666666666666
2017-08-07 06:00:00,21.833333333333332,26.166666666666668,24.0,263.3333333333333
2017-08-07 12:00:00,12.166666666666666,30.3,18.666666666666668,248.33333333333334
2017-08-07 18:00:00,39.833333333333336,27.71666666666667,24.5,233.33333333333334
2017-08-08 00:00:00,15.0,25.88333333333333,25.666666666666668,226.66666666666666
2017-08-08 06:00:00,8.222222222222223,26.616666666666664,22.5,225.0
2017-08-08 12:00:00,19.944444444444446,30.53333333333333,22.333333333333332,221.66666666666666
2017-08-08 18:00:00,40.666666666666664,27.666666666666668,27.833333333333332,230.0
2017-08-09 00:00:00,47.166666666666664,25.849999999999998,9.833333333333334,249.16666666666666
2017-08-09 06:00:00,40.0,27.46666666666667,4.5,225.0
2017-08-09 12:00:00,10.800265496885167,32.75,4.5,182.5
2017-08-09 18:00:00,30.166666666666668,28.650000000000002,9.5,170.83333333333334
2017-08-10 00:00:00,25.0,26.099999999999998,11.333333333333334,63.333333333333336
2017-08-10 06:00:00,18.133598830218503,27.78333333333333,17.5,65.0
2017-08-10 12:00:00,11.93386432710367,33.4,19.166666666666668,75.83333333333333
2017-08-10 18:00:00,48.833333333333336,30.13333333333333,17.666666666666668,83.33333333333333
2017-08-11 00:00:00,26.833333333333332,26.650000000000002,42.0,82.5
2017-08-11 06:00:00,43.0,28.166666666666668,39.666666666666664,91.66666666666667
2017-08-11 12:00:00,23.5,33.81666666666666,31.166666666666668,95.83333333333333
2017-08-11 18:00:00,22.666666666666668,30.5,26.5,103.33333333333333
2017-08-12 00:00:00,30.833333333333332,26.616666666666664,20.333333333333332,80.0
2017-08-12 06:00:00,21.166666666666668,27.7,20.166666666666668,70.83333333333333
2017-08-12 12:00:00,14.333333333333336,34.5,30.333333333333332,74.16666666666667
2017-08-12 18:00:00,38.333333333333336,31.13333333333333,39.666666666666664,76.66666666666667
2017-08-13 00:00:00,47.0,27.849999999999998,19.166666666666668,216.66666666666666
2017-08-13 06:00:00,10.400796490655507,28.866666666666664,10.333333333333334,242.5
2017-08-13 12:00:00,17.166666666666668,34.31666666666667,10.666666666666666,240.83333333333334
2017-08-13 18:00:00,45.166666666666664,31.316666666666666,13.0,245.0
2017-08-14 00:00:00,55.0,28.0,11.5,256.6666666666667
2017-08-14 06:00:00,35.333333333333336,29.083333333333332,10.333333333333334,255.0
2017-08-14 12:00:00,8.916666666666666,34.18333333333334,11.166666666666666,228.33333333333334
2017-08-14 18:00:00,50.666666666666664,31.349999999999998,17.333333333333332,238.33333333333334
2017-08-15 00:00:00,39.833333333333336,27.733333333333334,15.5,234.16666666666666
2017-08-15 06:00:00,27.5,28.583333333333332,16.833333333333332,227.5
2017-08-15 12:00:00,21.166666666666668,33.93333333333333,19.833333333333332,225.0
2017-08-15 18:00:00,45.333333333333336,30.583333333333332,26.0,237.5
2017-08-16 00:00:00,22.0,27.3,23.333333333333332,248.33333333333334
2017-08-16 06:00:00,36.49999999999999,28.633333333333336,22.5,248.33333333333334
2017-08-16 12:00:00,10.633598830218501,32.15,16.833333333333332,240.0
2017-08-16 18:00:00,21.5,27.71666666666667,15.833333333333334,238.33333333333334
2017-08-17 00:00:00,34.166666666666664,25.61666666666667,17.0,211.66666666666666
2017-08-17 06:00:00,37.666666666666664,27.3,16.333333333333332,165.0
2017-08-17 12:00:00,18.333333333333332,31.55,20.666666666666668,154.16666666666666
2017-08-17 18:00:00,21.166666666666668,26.900000000000002,27.0,175.83333333333334
2017-08-18 00:00:00,13.916666666666664,24.933333333333334,20.666666666666668,213.33333333333334
2017-08-18 06:00:00,12.800265496885167,26.383333333333336,10.833333333333334,198.33333333333334
2017-08-18 12:00:00,11.5,30.433333333333334,9.5,219.16666666666666
2017-08-18 18:00:00,22.333333333333332,27.333333333333332,19.5,270.0
2017-08-19 00:00:00,28.0,25.25,18.333333333333332,292.5
2017-08-19 06:00:00,26.333333333333332,25.833333333333332,10.166666666666666,236.66666666666666
2017-08-19 12:00:00,34.333333333333336,31.2,3.1666666666666665,140.83333333333334
2017-08-19 18:00:00,51.166666666666664,28.366666666666664,4.0,260.0
2017-08-20 00:00:00,10.333333333333334,25.816666666666666,7.166666666666667,316.6666666666667
2017-08-20 06:00:00,18.083333333333332,26.900000000000002,9.0,305.0
2017-08-20 12:00:00,16.666666666666668,30.333333333333332,15.0,265.8333333333333
2017-08-20 18:00:00,33.666666666666664,27.166666666666668,21.833333333333332,249.16666666666666
2017-08-21 00:00:00,15.833333333333334,25.366666666666664,26.666666666666668,260.0
2017-08-21 06:00:00,22.999999999999996,26.96666666666667,18.666666666666668,259.1666666666667
2017-08-21 12:00:00,5.43386432710367,31.28333333333333,23.166666666666668,259.1666666666667
2017-08-21 18:00:00,43.5,27.816666666666666,26.833333333333332,265.8333333333333
2017-08-22 00:00:00,31.0,25.799999999999997,22.333333333333332,261.6666666666667
2017-08-22 06:00:00,17.666666666666668,27.166666666666668,23.666666666666668,260.0
2017-08-22 12:00:00,9.0,32.733333333333334,18.0,270.8333333333333
2017-08-22 18:00:00,30.333333333333332,29.766666666666666,22.5,268.3333333333333
2017-08-23 00:00:00,27.0,26.383333333333336,28.5,264.1666666666667
2017-08-23 06:00:00,16.6335988302185,27.599999999999998,25.166666666666668,278.3333333333333
2017-08-23 12:00:00,9.93386432710367,32.916666666666664,21.0,279.1666666666667
2017-08-23 18:00:00,36.0,29.7,22.333333333333332,258.3333333333333
2017-08-24 00:00:00,19.333333333333332,26.633333333333336,32.833333333333336,255.0
2017-08-24 06:00:00,20.0,27.25,41.5,275.0
2017-08-24 12:00:00,12.716932163551833,32.0,36.0,270.8333333333333
2017-08-24 18:00:00,34.166666666666664,28.433333333333337,36.333333333333336,253.33333333333334
2017-08-25 00:00:00,17.999999999999996,25.599999999999998,32.333333333333336,263.3333333333333
2017-08-25 06:00:00,12.550265496885169,26.95,37.166666666666664,270.8333333333333
2017-08-25 12:00:00,14.666666666666666,32.050000000000004,32.166666666666664,277.5
2017-08-25 18:00:00,22.833333333333332,27.95,28.666666666666668,285.0
2017-08-26 00:00:00,25.0,25.900000000000002,24.666666666666668,285.8333333333333
2017-08-26 06:00:00,20.5,26.266666666666666,23.166666666666668,276.6666666666667
2017-08-26 12:00:00,19.166666666666668,28.96666666666667,20.166666666666668,308.3333333333333
2017-08-26 18:00:00,57.833333333333336,27.45,16.5,300.8333333333333
2017-08-27 00:00:00,12.333333333333334,25.38333333333333,14.666666666666666,225.83333333333334
2017-08-27 06:00:00,14.5,26.433333333333334,17.333333333333332,24.166666666666668
2017-08-27 12:00:00,15.833333333333334,30.416666666666668,13.0,129.16666666666666
2017-08-27 18:00:00,24.333333333333332,26.783333333333335,4.833333333333333,94.16666666666667
2017-08-28 00:00:00,13.666666666666666,24.8,2.8333333333333335,191.66666666666666
2017-08-28 06:00:00,22.833333333333332,25.216666666666665,6.166666666666667,298.3333333333333
2017-08-28 12:00:00,7.166666666666667,27.25,9.0,303.3333333333333
2017-08-28 18:00:00,19.666666666666668,25.78333333333333,12.5,245.0
2017-08-29 00:00:00,8.0,24.416666666666668,24.333333333333332,247.5
2017-08-29 06:00:00,8.18386432710367,25.316666666666666,25.0,263.3333333333333
2017-08-29 12:00:00,10.041666666666666,28.96666666666667,23.333333333333332,280.8333333333333
2017-08-29 18:00:00,40.0,26.666666666666668,14.166666666666666,297.5
2017-08-30 00:00:00,26.333333333333332,24.7,10.0,249.16666666666666
2017-08-30 06:00:00,20.333333333333332,26.650000000000002,16.5,244.16666666666666
2017-08-30 12:00:00,13.0,32.21666666666667,17.166666666666668,243.33333333333334
2017-08-30 18:00:00,25.0,28.566666666666666,24.0,223.33333333333334
2017-08-31 00:00:00,12.666666666666666,25.466666666666665,23.0,215.0
2017-08-31 06:00:00,14.333333333333334,27.28333333333333,18.5,222.5
2017-08-31 12:00:00,5.666666666666665,32.333333333333336,15.0,218.33333333333334
2017-08-31 18:00:00,41.833333333333336,29.150000000000002,20.166666666666668,220.83333333333334
2017-09-01 00:00:00,28.833333333333332,25.916666666666668,21.0,235.0
2017-09-01 06:00:00,11.5,27.716666666666665,21.0,235.0
2017-09-01 12:00:00,6.267197660437003,32.88333333333333,21.0,235.0
2017-09-01 18:00:00,34.333333333333336,29.866666666666664,21.0,235.0
2017-09-02 00:00:00,32.833333333333336,26.599999999999998,21.0,235.0
2017-09-02 06:00:00,27.666666666666668,27.71666666666667,21.0,235.0
2017-09-02 12:00:00,9.300265496885169,32.949999999999996,21.0,235.0
2017-09-02 18:00:00,25.5,29.383333333333336,21.0,235.0
2017-09-03 00:00:00,25.0,26.133333333333336,21.0,235.0
2017-09-03 06:00:00,29.16666666666666,27.349999999999998,21.0,235.0
2017-09-03 12:00:00,12.833333333333334,32.916666666666664,21.0,235.0
2017-09-03 18:00:00,40.333333333333336,29.966666666666665,21.0,235.0
2017-09-04 00:00:00,21.666666666666668,26.683333333333334,21.0,235.0
2017-09-04 06:00:00,17.5,27.816666666666666,21.0,235.0
2017-09-04 12:00:00,11.633598830218503,33.35,21.0,235.0
2017-09-04 18:00:00,44.166666666666664,30.533333333333335,21.0,235.0
2017-09-05 00:00:00,29.666666666666668,27.150000000000002,21.0,235.0
2017-09-05 06:00:00,16.833333333333332,28.2,21.0,235.0
2017-09-05 12:00:00,18.333333333333332,32.86666666666667,21.0,235.0
2017-09-05 18:00:00,45.333333333333336,29.28333333333333,21.0,235.0
2017-09-06 00:00:00,20.5,26.766666666666666,21.0,235.0
2017-09-06 06:00:00,9.300265496885169,27.883333333333336,21.0,235.0
2017-09-06 12:00:00,6.833333333333333,31.349999999999998,21.0,235.0
2017-09-06 18:00:00,43.16666666666666,28.366666666666664,21.0,235.0
2017-09-07 00:00:00,45.333333333333336,26.2,22.166666666666668,230.83333333333334
2017-09-07 06:00:00,36.833333333333336,27.549999999999997,24.833333333333332,240.0
2017-09-07 12:00:00,16.333333333333332,31.599999999999998,19.5,241.66666666666666
2017-09-07 18:00:00,54.666666666666664,28.316666666666666,21.166666666666668,250.83333333333334
2017-09-08 00:00:00,49.0,26.100000000000005,24.5,252.5
2017-09-08 06:00:00,63.83333333333332,27.76666666666667,27.0,267.5
2017-09-08 12:00:00,25.333333333333332,32.983333333333334,24.5,275.0
2017-09-08 18:00:00,87.66666666666667,29.95,29.5,270.0
2017-09-09 00:00:00,61.33333333333334,27.316666666666666,12.833333333333334,226.66666666666666
2017-09-09 06:00:00,66.50000000000001,28.633333333333336,9.833333333333334,205.0
2017-09-09 12:00:00,27.166666666666668,33.666666666666664,10.0,204.16666666666666
2017-09-09 18:00:00,61.00000000000002,29.86666666666667,13.833333333333334,233.33333333333334
2017-09-10 00:00:00,32.333333333333336,26.766666666666666,19.333333333333332,101.66666666666667
2017-09-10 06:00:00,26.333333333333332,28.416666666666668,24.5,66.66666666666667
2017-09-10 12:00:00,26.0,32.71666666666667,23.5,73.33333333333333
2017-09-10 18:00:00,45.333333333333336,29.083333333333332,23.333333333333332,62.5
2017-09-11 00:00:00,48.0,26.666666666666668,24.0,83.33333333333333
2017-09-11 06:00:00,54.0,28.46666666666667,31.333333333333332,90.83333333333333
2017-09-11 12:00:00,30.0,34.21666666666666,25.5,93.33333333333333
2017-09-11 18:00:00,45.66666666666666,29.23333333333333,26.166666666666668,83.33333333333333
2017-09-12 00:00:00,34.333333333333336,26.25,22.166666666666668,76.66666666666667
2017-09-12 06:00:00,51.666666666666664,28.25,12.333333333333334,68.33333333333333
2017-09-12 12:00:00,16.333333333333332,34.416666666666664,13.166666666666666,85.0
2017-09-12 18:00:00,43.166666666666664,30.150000000000002,9.833333333333334,134.16666666666666
2017-09-13 00:00:00,51.166666666666664,27.166666666666668,7.0,220.0
2017-09-13 06:00:00,67.16666666666667,28.849999999999998,6.166666666666667,230.0
2017-09-13 12:00:00,26.166666666666668,34.18333333333333,5.833333333333333,114.16666666666667
2017-09-13 18:00:00,53.99999999999999,30.099999999999998,5.666666666666667,220.83333333333334
2017-09-14 00:00:00,60.66666666666666,26.766666666666666,12.0,285.0
2017-09-14 06:00:00,69.33333333333333,28.483333333333334,17.833333333333332,342.5
2017-09-14 12:00:00,29.5,33.85,15.0,339.1666666666667
2017-09-14 18:00:00,38.0,30.5,14.833333333333334,339.1666666666667
2017-09-15 00:00:00,31.83333333333333,27.633333333333336,19.833333333333332,325.0
2017-09-15 06:00:00,37.49999999999999,28.349999999999998,23.333333333333332,319.1666666666667
2017-09-15 12:00:00,28.5,30.21666666666667,18.666666666666668,298.3333333333333
2017-09-15 18:00:00,29.5,27.016666666666666,22.666666666666668,260.0
2017-09-16 00:00:00,16.0,25.566666666666666,25.833333333333332,235.83333333333334
2017-09-16 06:00:00,42.166666666666664,26.983333333333334,26.833333333333332,198.33333333333334
2017-09-16 12:00:00,10.166666666666666,31.45,30.666666666666668,182.5
2017-09-16 18:00:00,35.833333333333336,27.73333333333333,38.0,173.33333333333334
2017-09-17 00:00:00,25.5,25.516666666666666,30.666666666666668,191.66666666666666
2017-09-17 06:00:00,43.0,26.883333333333336,35.333333333333336,195.0
2017-09-17 12:00:00,21.666666666666668,30.066666666666666,41.333333333333336,219.16666666666666
2017-09-17 18:00:00,24.333333333333332,26.366666666666664,41.166666666666664,241.66666666666666
2017-09-18 00:00:00,18.333333333333332,25.0,36.666666666666664,264.1666666666667
2017-09-18 06:00:00,17.5,27.083333333333332,37.333333333333336,285.8333333333333
2017-09-18 12:00:00,12.300265496885167,31.733333333333334,25.666666666666668,291.6666666666667
2017-09-18 18:00:00,51.50000000000001,27.900000000000002,27.666666666666668,294.1666666666667
2017-09-19 00:00:00,47.0,24.75,24.833333333333332,300.0
2017-09-19 06:00:00,46.166666666666664,26.650000000000002,20.833333333333332,331.6666666666667
2017-09-19 12:00:00,19.333333333333332,32.53333333333333,11.166666666666666,178.33333333333334
2017-09-19 18:00:00,57.33333333333332,29.133333333333336,9.166666666666666,335.8333333333333
2017-09-20 00:00:00,83.49999999999999,26.75,12.5,297.5
2017-09-20 06:00:00,90.33333333333331,28.150000000000002,19.166666666666668,226.66666666666666
2017-09-20 12:00:00,34.333333333333336,32.18333333333333,15.666666666666666,6.666666666666667
2017-09-20 18:00:00,48.833333333333336,28.766666666666666,12.333333333333334,287.5
2017-09-21 00:00:00,28.833333333333332,25.816666666666666,17.166666666666668,345.8333333333333
2017-09-21 06:00:00,55.16666666666666,27.866666666666664,20.166666666666668,75.0
2017-09-21 12:00:00,29.666666666666668,33.583333333333336,12.333333333333334,54.166666666666664
2017-09-21 18:00:00,48.23333333333334,29.916666666666668,13.0,104.16666666666667
2017-09-22 00:00:00,60.63333333333333,26.03333333333333,9.333333333333334,119.16666666666667
2017-09-22 06:00:00,60.63333333333333,27.866666666666664,4.333333333333333,123.33333333333333
2017-09-22 12:00:00,29.666666666666668,32.1,2.6666666666666665,55.833333333333336
2017-09-22 18:00:00,39.166666666666664,28.53333333333333,8.833333333333334,210.0
2017-09-23 00:00:00,35.833333333333336,25.96666666666667,8.5,268.3333333333333
2017-09-23 06:00:00,48.333333333333336,26.733333333333334,7.333333333333333,320.8333333333333
2017-09-23 12:00:00,19.300265496885164,30.61666666666667,6.166666666666667,168.33333333333334
2017-09-23 18:00:00,14.600530993770336,27.183333333333334,6.5,285.0
2017-09-24 00:00:00,24.666666666666668,25.266666666666666,5.833333333333333,340.0
2017-09-24 06:00:00,35.5,27.133333333333336,4.333333333333333,230.83333333333334
2017-09-24 12:00:00,12.666666666666666,31.21666666666667,6.0,248.33333333333334
2017-09-24 18:00:00,26.5,27.75,8.666666666666666,230.0
2017-09-25 00:00:00,16.5,25.100000000000005,16.166666666666668,220.0
2017-09-25 06:00:00,32.166666666666664,26.916666666666668,10.5,228.33333333333334
2017-09-25 12:00:00,7.333333333333333,31.650000000000002,5.666666666666667,179.16666666666666
2017-09-25 18:00:00,30.166666666666668,27.349999999999998,13.5,167.5
2017-09-26 00:00:00,19.166666666666668,25.05,12.666666666666666,176.66666666666666
2017-09-26 06:00:00,27.166666666666668,26.833333333333332,14.833333333333334,175.0
2017-09-26 12:00:00,10.666666666666666,30.616666666666664,15.333333333333334,193.33333333333334
2017-09-26 18:00:00,36.666666666666664,27.016666666666666,18.833333333333332,233.33333333333334
2017-09-27 00:00:00,20.833333333333332,25.150000000000002,11.833333333333334,215.83333333333334
2017-09-27 06:00:00,22.166666666666668,27.21666666666667,8.166666666666666,207.5
2017-09-27 12:00:00,7.466932163551836,32.1,12.166666666666666,234.16666666666666
2017-09-27 18:00:00,38.66666666666667,28.433333333333334,14.666666666666666,247.5
2017-09-28 00:00:00,38.666666666666664,26.03333333333333,14.666666666666666,272.5
2017-09-28 06:00:00,45.0,27.833333333333332,14.166666666666666,329.1666666666667
2017-09-28 12:00:00,25.5,32.06666666666667,12.666666666666666,238.33333333333334
2017-09-28 18:00:00,40.0,28.53333333333333,8.666666666666666,4.166666666666667
2017-09-29 00:00:00,10.833333333333334,26.099999999999998,9.5,9.166666666666666
2017-09-29 06:00:00,35.333333333333336,27.633333333333336,14.0,20.833333333333332
2017-09-29 12:00:00,22.5,31.616666666666664,10.666666666666666,45.0
2017-09-29 18:00:00,27.833333333333332,27.816666666666666,12.833333333333334,73.33333333333333
2017-09-30 00:00:00,30.833333333333332,25.78333333333333,8.833333333333334,110.83333333333333
2017-09-30 06:00:00,25.416666666666668,27.5,13.0,118.33333333333333
2017-09-30 12:00:00,23.5,31.850000000000005,9.333333333333334,117.5
2017-09-30 18:00:00,35.5,28.366666666666664,7.666666666666667,96.66666666666667
2017-10-01 00:00:00,31.5,26.016666666666666,9.0,95.0
2017-10-01 06:00:00,42.00000000000001,27.650000000000002,9.0,95.0
2017-10-01 12:00:00,16.333333333333332,31.516666666666666,9.0,95.0
2017-10-01 18:00:00,27.5,28.349999999999998,9.0,95.0
2017-10-02 00:00:00,32.49999999999999,25.816666666666666,9.0,95.0
2017-10-02 06:00:00,43.16666666666668,27.666666666666668,9.0,95.0
2017-10-02 12:00:00,29.0,30.46666666666667,9.0,95.0
2017-10-02 18:00:00,26.333333333333332,27.083333333333332,9.0,95.0
2017-10-03 00:00:00,16.333333333333332,24.899999999999995,9.0,95.0
2017-10-03 06:00:00,32.166666666666664,24.98333333333333,9.0,95.0
2017-10-03 12:00:00,19.333333333333332,25.483333333333334,9.0,95.0
2017-10-03 18:00:00,19.666666666666668,24.5,9.0,95.0
2017-10-04 00:00:00,8.5,23.733333333333334,9.0,95.0
2017-10-04 06:00:00,34.333333333333336,25.066666666666666,9.0,95.0
2017-10-04 12:00:00,11.166666666666666,27.53333333333333,9.0,95.0
2017-10-04 18:00:00,27.166666666666668,24.766666666666666,9.0,95.0
2017-10-05 00:00:00,16.333333333333332,23.583333333333332,9.0,95.0
2017-10-05 06:00:00,23.333333333333332,25.8,9.0,95.0
2017-10-05 12:00:00,18.0,30.083333333333332,9.0,95.0
2017-10-05 18:00:00,32.5,26.150000000000002,9.0,95.0
2017-10-06 00:00:00,30.400000000000006,24.333333333333332,9.0,95.0
2017-10-06 06:00:00,24.266666666666666,26.21666666666667,9.0,95.0
2017-10-06 12:00:00,23.666666666666668,30.266666666666666,9.0,95.0
2017-10-06 18:00:00,35.666666666666664,27.016666666666666,9.0,95.0
2017-10-07 00:00:00,26.833333333333332,24.983333333333334,22.0,225.83333333333334
2017-10-07 06:00:00,37.166666666666664,26.816666666666666,24.666666666666668,262.5
2017-10-07 12:00:00,24.666666666666668,30.75,26.166666666666668,262.5
2017-10-07 18:00:00,43.833333333333336,27.566666666666666,23.833333333333332,284.1666666666667
2017-10-08 00:00:00,42.666666666666664,25.3,24.166666666666668,276.6666666666667
2017-10-08 06:00:00,45.333333333333336,27.21666666666667,23.0,271.6666666666667
2017-10-08 12:00:00,19.999999999999996,31.233333333333334,20.666666666666668,263.3333333333333
2017-10-08 18:00:00,32.666666666666664,27.150000000000002,23.833333333333332,257.5
2017-10-09 00:00:00,30.666666666666668,24.866666666666664,13.5,224.16666666666666
2017-10-09 06:00:00,44.666666666666664,26.73333333333333,11.0,210.83333333333334
2017-10-09 12:00:00,19.833333333333332,31.599999999999998,5.5,255.0
2017-10-09 18:00:00,57.5,27.666666666666668,6.166666666666667,295.0
2017-10-10 00:00:00,37.333333333333336,25.333333333333332,11.333333333333334,117.5
2017-10-10 06:00:00,34.16666666666667,27.083333333333332,2.3333333333333335,162.5
2017-10-10 12:00:00,28.75,31.666666666666668,2.8333333333333335,295.0
2017-10-10 18:00:00,56.166666666666664,27.75,4.166666666666667,249.16666666666666
2017-10-11 00:00:00,41.0,25.566666666666666,22.0,115.83333333333333
2017-10-11 06:00:00,37.833333333333336,26.95,20.333333333333332,75.83333333333333
2017-10-11 12:00:00,34.0,30.78333333333333,26.5,80.0
2017-10-11 18:00:00,50.00000000000001,27.683333333333334,33.666666666666664,77.5
2017-10-12 00:00:00,38.666666666666664,25.683333333333334,13.333333333333334,61.666666666666664
2017-10-12 06:00:00,51.5,27.333333333333332,10.833333333333334,25.833333333333332
2017-10-12 12:00:00,44.5,31.016666666666666,11.833333333333334,29.166666666666668
2017-10-12 18:00:00,55.5,27.733333333333334,10.5,59.166666666666664
2017-10-13 00:00:00,49.166666666666664,25.400000000000002,6.166666666666667,61.666666666666664
2017-10-13 06:00:00,37.833333333333336,27.5,11.833333333333334,51.666666666666664
2017-10-13 12:00:00,17.666666666666668,31.766666666666666,8.5,60.833333333333336
2017-10-13 18:00:00,35.833333333333336,27.366666666666664,11.5,64.16666666666667
2017-10-14 00:00:00,25.166666666666668,25.166666666666668,13.166666666666666,75.83333333333333
2017-10-14 06:00:00,38.5,26.666666666666668,15.5,81.66666666666667
2017-10-14 12:00:00,44.166666666666664,30.75,15.666666666666666,78.33333333333333
2017-10-14 18:00:00,50.5,26.683333333333334,14.833333333333334,87.5
2017-10-15 00:00:00,41.99999999999999,24.616666666666664,7.666666666666667,61.666666666666664
2017-10-15 06:00:00,49.666666666666664,26.583333333333332,7.5,67.5
2017-10-15 12:00:00,15.833333333333334,30.55,10.333333333333334,165.83333333333334
2017-10-15 18:00:00,28.166666666666668,26.75,18.666666666666668,221.66666666666666
2017-10-16 00:00:00,27.0,24.616666666666664,9.0,291.6666666666667
2017-10-16 06:00:00,13.600530993770336,26.333333333333332,17.166666666666668,273.3333333333333
2017-10-16 12:00:00,17.833333333333332,30.866666666666664,18.333333333333332,267.5
2017-10-16 18:00:00,25.833333333333332,26.666666666666668,18.833333333333332,254.16666666666666
2017-10-17 00:00:00,16.666666666666664,24.516666666666666,15.5,275.0
2017-10-17 06:00:00,33.333333333333336,26.383333333333336,10.833333333333334,267.5
2017-10-17 12:00:00,19.333333333333332,29.866666666666664,9.166666666666666,245.0
2017-10-17 18:00:00,38.166666666666664,25.833333333333332,13.666666666666666,234.16666666666666
2017-10-18 00:00:00,26.666666666666668,23.516666666666666,12.666666666666666,221.66666666666666
2017-10-18 06:00:00,33.833333333333336,23.416666666666668,5.0,195.83333333333334
2017-10-18 12:00:00,26.833333333333332,25.233333333333334,8.833333333333334,291.6666666666667
2017-10-18 18:00:00,41.5,24.233333333333334,11.833333333333334,291.6666666666667
2017-10-19 00:00:00,35.0,23.2,14.166666666666666,315.8333333333333
2017-10-19 06:00:00,35.166666666666664,25.583333333333332,13.166666666666666,84.16666666666667
2017-10-19 12:00:00,22.166666666666668,29.96666666666667,5.833333333333333,64.16666666666667
2017-10-19 18:00:00,53.49999999999999,25.983333333333334,4.166666666666667,285.8333333333333
2017-10-20 00:00:00,21.166666666666668,24.233333333333334,7.5,350.8333333333333
2017-10-20 06:00:00,48.5,26.3,7.166666666666667,81.66666666666667
2017-10-20 12:00:00,32.833333333333336,30.78333333333333,9.0,280.0
2017-10-20 18:00:00,70.16666666666664,26.883333333333336,18.5,325.8333333333333
2017-10-21 00:00:00,65.83333333333333,24.633333333333336,19.333333333333332,330.0
2017-10-21 06:00:00,57.833333333333336,26.816666666666666,17.0,61.666666666666664
2017-10-21 12:00:00,28.500000000000004,31.53333333333333,12.0,114.16666666666667
2017-10-21 18:00:00,53.333333333333336,27.71666666666667,10.666666666666666,334.1666666666667
2017-10-22 00:00:00,26.333333333333332,24.933333333333334,10.166666666666666,338.3333333333333
2017-10-22 06:00:00,22.166666666666668,26.916666666666668,11.833333333333334,84.16666666666667
2017-10-22 12:00:00,18.666666666666668,31.75,7.166666666666667,14.166666666666666
2017-10-22 18:00:00,50.833333333333336,27.733333333333334,6.0,33.333333333333336
2017-10-23 00:00:00,17.666666666666668,24.933333333333334,3.6666666666666665,219.16666666666666
2017-10-23 06:00:00,22.633598830218503,26.916666666666668,10.0,85.0
2017-10-23 12:00:00,38.98177083333333,31.566666666666666,11.333333333333334,96.66666666666667
2017-10-23 18:00:00,47.799479166666664,27.483333333333334,12.666666666666666,119.16666666666667
2017-10-24 00:00:00,47.580729166666664,25.083333333333332,12.333333333333334,115.83333333333333
2017-10-24 06:00:00,47.361979166666664,26.150000000000002,14.0,110.0
2017-10-24 12:00:00,47.143229166666664,29.633333333333336,15.833333333333334,115.83333333333333
2017-10-24 18:00:00,46.924479166666664,25.849999999999998,15.833333333333334,102.5
2017-10-25 00:00:00,46.705729166666664,23.733333333333334,14.5,111.66666666666667
2017-10-25 06:00:00,46.486979166666664,25.416666666666668,9.166666666666666,87.5
2017-10-25 12:00:00,46.268229166666664,29.8,11.166666666666666,56.666666666666664
2017-10-25 18:00:00,46.049479166666664,26.0,11.666666666666666,83.33333333333333
2017-10-26 00:00:00,45.830729166666664,23.916666666666668,8.0,93.33333333333333
2017-10-26 06:00:00,45.611979166666664,25.8,10.666666666666666,55.833333333333336
2017-10-26 12:00:00,45.393229166666664,30.583333333333332,16.666666666666668,69.16666666666667
2017-10-26 18:00:00,45.174479166666664,26.533333333333335,17.333333333333332,76.66666666666667
2017-10-27 00:00:00,44.955729166666664,24.116666666666664,20.666666666666668,74.16666666666667
2017-10-27 06:00:00,44.736979166666664,25.5,14.166666666666666,57.5
2017-10-27 12:00:00,44.518229166666664,30.633333333333336,22.0,65.0
2017-10-27 18:00:00,44.299479166666664,26.46666666666667,28.333333333333332,65.83333333333333
2017-10-28 00:00:00,44.080729166666664,24.03333333333333,22.833333333333332,59.166666666666664
2017-10-28 06:00:00,43.861979166666664,25.400000000000002,26.0,60.833333333333336
2017-10-28 12:00:00,43.643229166666664,30.333333333333332,33.5,75.0
2017-10-28 18:00:00,43.424479166666664,26.066666666666666,34.0,77.5
2017-10-29 00:00:00,43.205729166666664,23.816666666666666,33.5,78.33333333333333
2017-10-29 06:00:00,42.986979166666664,24.733333333333334,36.833333333333336,76.66666666666667
2017-10-29 12:00:00,42.768229166666664,30.450000000000003,37.5,74.16666666666667
2017-10-29 18:00:00,42.549479166666664,26.083333333333332,44.0,67.5
2017-10-30 00:00:00,42.330729166666664,23.3,47.166666666666664,64.16666666666667
2017-10-30 06:00:00,42.111979166666664,23.400000000000002,46.5,67.5
2017-10-30 12:00:00,41.893229166666664,28.566666666666666,50.833333333333336,69.16666666666667
2017-10-30 18:00:00,41.674479166666664,24.483333333333334,50.333333333333336,66.66666666666667
2017-10-31 00:00:00,41.455729166666664,21.71666666666667,41.0,68.33333333333333
2017-10-31 06:00:00,41.236979166666664,22.566666666666663,36.666666666666664,85.83333333333333
2017-10-31 12:00:00,41.018229166666664,28.633333333333336,34.5,84.16666666666667
2017-10-31 18:00:00,40.799479166666664,24.233333333333334,31.333333333333332,85.83333333333333
2017-11-01 00:00:00,40.580729166666664,22.116666666666664,27.0,90.0
2017-11-01 06:00:00,40.361979166666664,23.05,27.0,90.0
2017-11-01 12:00:00,40.143229166666664,26.3,27.0,90.0
2017-11-01 18:00:00,39.924479166666664,23.53333333333333,27.0,90.0
2017-11-02 00:00:00,39.705729166666664,22.266666666666666,27.0,90.0
2017-11-02 06:00:00,39.486979166666664,23.28333333333333,27.0,90.0
2017-11-02 12:00:00,39.268229166666664,29.133333333333336,27.0,90.0
2017-11-02 18:00:00,39.049479166666664,25.21666666666667,27.0,90.0
2017-11-03 00:00:00,38.830729166666664,22.433333333333334,27.0,90.0
2017-11-03 06:00:00,38.611979166666664,23.266666666666666,27.0,90.0
2017-11-03 12:00:00,38.393229166666664,29.099999999999998,27.0,90.0
2017-11-03 18:00:00,38.174479166666664,24.066666666666663,27.0,90.0
2017-11-04 00:00:00,37.955729166666664,21.316666666666666,27.0,90.0
2017-11-04 06:00:00,37.736979166666664,22.3,27.0,90.0
2017-11-04 12:00:00,37.518229166666664,29.55,27.0,90.0
2017-11-04 18:00:00,37.29947916666667,25.599999999999998,27.0,90.0
2017-11-05 00:00:00,37.080729166666664,23.516666666666666,27.0,90.0
2017-11-05 06:00:00,36.861979166666664,21.7,27.0,90.0
2017-11-05 12:00:00,36.643229166666664,22.366666666666664,27.0,90.0
2017-11-05 18:00:00,36.424479166666664,20.683333333333334,27.0,90.0
2017-11-06 00:00:00,36.205729166666664,20.183333333333334,27.0,90.0
2017-11-06 06:00:00,35.986979166666664,20.283333333333335,27.0,90.0
2017-11-06 12:00:00,35.768229166666664,25.916666666666668,27.0,90.0
2017-11-06 18:00:00,35.549479166666664,23.28333333333333,27.0,90.0
2017-11-07 00:00:00,35.330729166666664,20.78333333333333,24.5,271.6666666666667
2017-11-07 06:00:00,35.111979166666664,22.799999999999997,22.0,283.3333333333333
2017-11-07 12:00:00,34.893229166666664,27.316666666666663,19.166666666666668,264.1666666666667
2017-11-07 18:00:00,34.674479166666664,24.400000000000002,23.166666666666668,261.6666666666667
2017-11-08 00:00:00,34.455729166666664,23.183333333333334,26.166666666666668,264.1666666666667
2017-11-08 06:00:00,34.236979166666664,23.88333333333333,27.166666666666668,267.5
2017-11-08 12:00:00,34.018229166666664,28.13333333333333,22.0,271.6666666666667
2017-11-08 18:00:00,33.799479166666664,24.816666666666666,22.833333333333332,269.1666666666667
2017-11-09 00:00:00,33.580729166666664,22.566666666666666,11.333333333333334,322.5
2017-11-09 06:00:00,33.361979166666664,24.433333333333334,8.5,105.0
2017-11-09 12:00:00,33.143229166666664,30.083333333333332,4.833333333333333,155.83333333333334
2017-11-09 18:00:00,32.924479166666664,25.766666666666666,9.833333333333334,237.5
2017-11-10 00:00:00,32.705729166666664,23.266666666666666,10.333333333333334,132.5
2017-11-10 06:00:00,32.486979166666664,25.083333333333332,14.166666666666666,126.66666666666667
2017-11-10 12:00:00,32.268229166666664,30.7,14.833333333333334,178.33333333333334
2017-11-10 18:00:00,32.049479166666664,26.433333333333334,15.333333333333334,183.33333333333334
2017-11-11 00:00:00,31.830729166666668,23.599999999999998,24.666666666666668,105.0
2017-11-11 06:00:00,31.611979166666668,25.150000000000002,21.166666666666668,81.66666666666667
2017-11-11 12:00:00,31.39322916666666,29.95,17.833333333333332,73.33333333333333
2017-11-11 18:00:00,31.174479166666668,26.316666666666666,24.666666666666668,72.5
2017-11-12 00:00:00,30.955729166666668,23.933333333333334,11.666666666666666,34.166666666666664
2017-11-12 06:00:00,30.736979166666668,25.71666666666667,21.333333333333332,37.5
2017-11-12 12:00:00,30.51822916666666,31.099999999999998,10.333333333333334,77.5
2017-11-12 18:00:00,30.299479166666668,27.05,9.0,87.5
2017-11-13 00:00:00,30.080729166666668,24.55,17.0,82.5
2017-11-13 06:00:00,29.861979166666668,24.583333333333332,17.0,74.16666666666667
2017-11-13 12:00:00,29.643229166666668,29.0,16.666666666666668,76.66666666666667
2017-11-13 18:00:00,29.42447916666666,25.916666666666668,20.5,76.66666666666667
2017-11-14 00:00:00,29.205729166666668,23.983333333333334,22.833333333333332,83.33333333333333
2017-11-14 06:00:00,28.986979166666668,26.383333333333336,19.666666666666668,82.5
2017-11-14 12:00:00,28.768229166666668,31.650000000000002,18.166666666666668,72.5
2017-11-14 18:00:00,28.549479166666668,27.116666666666664,23.166666666666668,76.66666666666667
2017-11-15 00:00:00,28.33072916666666,24.21666666666667,20.833333333333332,83.33333333333333
2017-11-15 06:00:00,28.111979166666668,26.166666666666668,19.333333333333332,100.0
2017-11-15 12:00:00,27.89322916666666,31.28333333333333,16.833333333333332,93.33333333333333
2017-11-15 18:00:00,27.67447916666666,26.849999999999998,26.0,86.66666666666667
2017-11-16 00:00:00,27.45572916666666,24.45,24.0,104.16666666666667
2017-11-16 06:00:00,27.236979166666668,26.116666666666664,29.833333333333332,120.0
2017-11-16 12:00:00,21.036458333333332,31.083333333333332,25.166666666666668,122.5
2017-11-16 18:00:00,58.50000000000001,27.28333333333333,15.833333333333334,119.16666666666667
2017-11-17 00:00:00,54.50000000000001,24.95,12.666666666666666,103.33333333333333
2017-11-17 06:00:00,63.666666666666664,26.883333333333336,15.833333333333334,112.5
2017-11-17 12:00:00,32.33333333333333,31.566666666666666,11.833333333333334,122.5
2017-11-17 18:00:00,61.0,27.46666666666667,5.833333333333333,139.16666666666666
2017-11-18 00:00:00,68.33333333333333,25.299999999999997,6.333333333333333,248.33333333333334
2017-11-18 06:00:00,61.666666666666664,27.016666666666666,13.0,222.5
2017-11-18 12:00:00,31.0,31.78333333333333,12.666666666666666,35.0
2017-11-18 18:00:00,53.666666666666664,27.833333333333332,10.5,72.5
2017-11-19 00:00:00,56.16666666666668,25.700000000000003,12.5,76.66666666666667
2017-11-19 06:00:00,53.16666666666666,27.433333333333334,19.833333333333332,72.5
2017-11-19 12:00:00,44.5,31.233333333333334,28.0,71.66666666666667
2017-11-19 18:00:00,55.333333333333336,27.516666666666666,33.666666666666664,72.5
2017-11-20 00:00:00,27.80026549688517,25.28333333333333,33.0,77.5
2017-11-20 06:00:00,32.833333333333336,24.75,27.833333333333332,75.0
2017-11-20 12:00:00,42.99999999999999,29.183333333333334,38.5,75.83333333333333
2017-11-20 18:00:00,43.166666666666664,26.099999999999998,47.5,75.83333333333333
2017-11-21 00:00:00,20.666666666666668,24.400000000000002,45.0,100.0
2017-11-21 06:00:00,21.166666666666668,25.2,52.5,107.5
2017-11-21 12:00:00,27.690476190476193,29.666666666666668,36.0,110.83333333333333
2017-11-21 18:00:00,21.642857142857142,25.816666666666666,30.666666666666668,110.83333333333333
2017-11-22 00:00:00,9.833333333333334,23.916666666666668,29.666666666666668,129.16666666666666
2017-11-22 06:00:00,19.333333333333332,24.833333333333332,24.333333333333332,123.33333333333333
2017-11-22 12:00:00,32.16666666666667,29.683333333333334,19.333333333333332,107.5
2017-11-22 18:00:00,32.833333333333336,25.666666666666668,22.166666666666668,95.83333333333333
2017-11-23 00:00:00,13.800265496885169,23.28333333333333,14.666666666666666,103.33333333333333
2017-11-23 06:00:00,18.5,23.883333333333336,21.666666666666668,96.66666666666667
2017-11-23 12:00:00,20.833333333333332,29.96666666666667,29.166666666666668,110.0
2017-11-23 18:00:00,27.833333333333332,26.05,29.5,111.66666666666667
2017-11-24 00:00:00,9.5,22.3,26.5,108.33333333333333
2017-11-24 06:00:00,12.999999999999998,22.400000000000002,32.166666666666664,116.66666666666667
2017-11-24 12:00:00,14.166666666666666,28.083333333333332,39.166666666666664,110.83333333333333
2017-11-24 18:00:00,24.333333333333332,24.733333333333334,37.333333333333336,110.0
2017-11-25 00:00:00,19.5,21.883333333333336,29.833333333333332,108.33333333333333
2017-11-25 06:00:00,10.300265496885169,21.583333333333332,15.833333333333334,93.33333333333333
2017-11-25 12:00:00,46.333333333333336,28.133333333333336,16.166666666666668,74.16666666666667
2017-11-25 18:00:00,41.333333333333336,24.183333333333334,16.166666666666668,90.0
2017-11-26 00:00:00,26.0,21.75,17.166666666666668,71.66666666666667
2017-11-26 06:00:00,30.0,22.53333333333333,32.833333333333336,79.16666666666667
2017-11-26 12:00:00,24.333333333333332,28.883333333333336,36.666666666666664,80.83333333333333
2017-11-26 18:00:00,25.166666666666668,25.099999999999998,36.833333333333336,80.0
2017-11-27 00:00:00,15.166666666666666,22.349999999999998,25.666666666666668,72.5
2017-11-27 06:00:00,16.5,22.733333333333334,18.666666666666668,92.5
2017-11-27 12:00:00,26.666666666666668,28.8,18.166666666666668,91.66666666666667
2017-11-27 18:00:00,44.00000000000001,24.983333333333334,20.666666666666668,83.33333333333333
2017-11-28 00:00:00,33.166666666666664,22.333333333333332,18.833333333333332,64.16666666666667
2017-11-28 06:00:00,25.333333333333332,23.383333333333336,23.833333333333332,48.333333333333336
2017-11-28 12:00:00,24.5,29.55,34.0,58.333333333333336
2017-11-28 18:00:00,28.166666666666668,25.233333333333334,34.5,62.5
2017-11-29 00:00:00,9.416666666666668,22.683333333333334,25.5,62.5
2017-11-29 06:00:00,30.466932163551835,24.53333333333333,24.166666666666668,66.66666666666667
2017-11-29 12:00:00,21.333333333333332,30.46666666666667,28.666666666666668,67.5
2017-11-29 18:00:00,29.333333333333332,26.166666666666668,33.166666666666664,69.16666666666667
2017-11-30 00:00:00,10.300265496885169,23.616666666666664,28.0,68.33333333333333
2017-11-30 06:00:00,14.833333333333334,25.183333333333334,32.0,62.5
2017-11-30 12:00:00,39.333333333333336,30.833333333333332,38.5,67.5
2017-11-30 18:00:00,29.666666666666668,26.75,42.666666666666664,65.0
2017-12-01 00:00:00,23.333333333333332,24.2,45.0,65.0
2017-12-01 06:00:00,19.0,24.75,45.0,65.0
2017-12-01 12:00:00,31.166666666666668,29.416666666666668,45.0,65.0
2017-12-01 18:00:00,36.166666666666664,25.75,45.0,65.0
2017-12-02 00:00:00,14.5,23.483333333333334,45.0,65.0
2017-12-02 06:00:00,15.666666666666666,24.2,45.0,65.0
2017-12-02 12:00:00,26.166666666666668,30.2,45.0,65.0
2017-12-02 18:00:00,40.0,26.100000000000005,45.0,65.0
2017-12-03 00:00:00,32.96693216355184,23.283333333333335,45.0,65.0
2017-12-03 06:00:00,18.166666666666668,24.11666666666667,45.0,65.0
2017-12-03 12:00:00,32.166666666666664,30.483333333333334,45.0,65.0
2017-12-03 18:00:00,35.166666666666664,26.650000000000002,45.0,65.0
2017-12-04 00:00:00,27.66666666666667,23.900000000000002,45.0,65.0
2017-12-04 06:00:00,32.666666666666664,24.599999999999998,45.0,65.0
2017-12-04 12:00:00,16.75,30.566666666666666,45.0,65.0
2017-12-04 18:00:00,35.333333333333336,26.683333333333334,45.0,65.0
2017-12-05 00:00:00,16.267197660437002,24.816666666666666,45.0,65.0
2017-12-05 06:00:00,13.300265496885169,23.916666666666668,45.0,65.0
2017-12-05 12:00:00,16.833333333333332,25.96666666666667,45.0,65.0
2017-12-05 18:00:00,36.333333333333336,25.05,45.0,65.0
2017-12-06 00:00:00,22.0,22.333333333333332,45.0,65.0
2017-12-06 06:00:00,30.666666666666668,22.933333333333334,45.0,65.0
2017-12-06 12:00:00,32.99999999999999,29.599999999999998,45.0,65.0
2017-12-06 18:00:00,42.666666666666664,26.349999999999998,45.0,65.0
2017-12-07 00:00:00,22.5,23.583333333333332,29.0,217.5
2017-12-07 06:00:00,52.0,25.166666666666668,27.166666666666668,249.16666666666666
2017-12-07 12:00:00,35.666666666666664,32.016666666666666,22.666666666666668,255.83333333333334
2017-12-07 18:00:00,65.5,27.95,24.833333333333332,255.83333333333334
2017-12-08 00:00:00,58.333333333333336,25.083333333333332,20.0,256.6666666666667
2017-12-08 06:00:00,57.0,25.816666666666666,17.5,265.0
2017-12-08 12:00:00,37.833333333333336,31.383333333333336,9.833333333333334,265.8333333333333
2017-12-08 18:00:00,54.833333333333336,27.25,16.833333333333332,257.5
2017-12-09 00:00:00,31.5,23.616666666666664,9.666666666666666,216.66666666666666
2017-12-09 06:00:00,37.833333333333336,22.966666666666665,7.333333333333333,140.83333333333334
2017-12-09 12:00:00,35.5,29.400000000000002,3.0,150.83333333333334
2017-12-09 18:00:00,60.16666666666668,25.266666666666666,3.5,99.16666666666667
2017-12-10 00:00:00,47.0,22.349999999999998,7.166666666666667,115.83333333333333
2017-12-10 06:00:00,58.5,23.599999999999998,10.0,85.0
2017-12-10 12:00:00,48.166666666666664,30.55,9.666666666666666,75.0
2017-12-10 18:00:00,56.333333333333336,26.38333333333333,5.5,92.5
2017-12-11 00:00:00,69.5,23.766666666666666,17.166666666666668,74.16666666666667
2017-12-11 06:00:00,81.66666666666667,25.683333333333334,23.833333333333332,85.0
2017-12-11 12:00:00,50.49999999999999,31.816666666666666,19.666666666666668,95.83333333333333
2017-12-11 18:00:00,69.33333333333333,27.650000000000002,14.0,94.16666666666667
2017-12-12 00:00:00,73.83333333333333,24.933333333333337,4.5,97.5
2017-12-12 06:00:00,69.16666666666667,26.166666666666668,1.5,29.166666666666668
2017-12-12 12:00:00,42.166666666666664,31.666666666666668,3.3333333333333335,185.83333333333334
2017-12-12 18:00:00,80.49999999999999,27.96666666666667,7.333333333333333,234.16666666666666
2017-12-13 00:00:00,57.333333333333336,25.03333333333333,8.166666666666666,269.1666666666667
2017-12-13 06:00:00,37.5,26.233333333333334,5.166666666666667,254.16666666666666
2017-12-13 12:00:00,31.0,32.0,5.666666666666667,234.16666666666666
2017-12-13 18:00:00,42.166666666666664,28.066666666666666,5.0,242.5
2017-12-14 00:00:00,54.83333333333334,25.266666666666666,10.666666666666666,307.5
2017-12-14 06:00:00,54.0,26.266666666666666,9.833333333333334,342.5
2017-12-14 12:00:00,34.0,32.4,9.666666666666666,330.0
2017-12-14 18:00:00,50.166666666666664,27.900000000000002,10.5,79.16666666666667
2017-12-15 00:00:00,66.0,24.633333333333336,12.833333333333334,75.83333333333333
2017-12-15 06:00:00,90.83333333333331,26.083333333333332,10.5,67.5
2017-12-15 12:00:00,61.833333333333336,32.38333333333333,12.5,54.166666666666664
2017-12-15 18:00:00,58.333333333333336,28.183333333333334,23.166666666666668,67.5
2017-12-16 00:00:00,45.833333333333336,24.916666666666668,23.833333333333332,68.33333333333333
2017-12-16 06:00:00,31.666666666666668,24.75,22.666666666666668,62.5
2017-12-16 12:00:00,22.80026549688517,31.116666666666664,37.666666666666664,69.16666666666667
2017-12-16 18:00:00,26.333333333333332,26.95,44.666666666666664,75.83333333333333
2017-12-17 00:00:00,11.767197660437,23.650000000000002,35.666666666666664,95.0
2017-12-17 06:00:00,8.966932163551837,22.566666666666666,27.5,108.33333333333333
2017-12-17 12:00:00,22.166666666666668,26.833333333333332,31.5,91.66666666666667
2017-12-17 18:00:00,21.666666666666668,22.75,28.166666666666668,63.333333333333336
2017-12-18 00:00:00,25.166666666666668,19.2,24.166666666666668,37.5
2017-12-18 06:00:00,35.166666666666664,18.2,30.5,35.833333333333336
2017-12-18 12:00:00,44.166666666666664,24.166666666666668,32.166666666666664,51.666666666666664
2017-12-18 18:00:00,37.833333333333336,20.216666666666665,37.666666666666664,60.0
2017-12-19 00:00:00,27.5,16.716666666666665,36.666666666666664,70.83333333333333
2017-12-19 06:00:00,35.833333333333336,16.566666666666666,48.833333333333336,68.33333333333333
2017-12-19 12:00:00,50.166666666666664,23.016666666666666,59.0,59.166666666666664
2017-12-19 18:00:00,50.0,18.23333333333333,50.666666666666664,48.333333333333336
2017-12-20 00:00:00,41.5,15.616666666666667,40.333333333333336,66.66666666666667
2017-12-20 06:00:00,39.333333333333336,15.916666666666666,33.833333333333336,77.5
2017-12-20 12:00:00,42.333333333333336,22.78333333333333,31.833333333333332,77.5
2017-12-20 18:00:00,47.83333333333334,18.833333333333332,28.833333333333332,70.0
2017-12-21 00:00:00,41.833333333333336,16.5,21.5,71.66666666666667
2017-12-21 06:00:00,38.666666666666664,16.650000000000002,25.0,75.0
2017-12-21 12:00:00,44.83333333333332,24.45,28.333333333333332,77.5
2017-12-21 18:00:00,61.49999999999999,20.316666666666666,20.666666666666668,79.16666666666667
2017-12-22 00:00:00,50.0,18.083333333333332,20.0,80.0
2017-12-22 06:00:00,39.833333333333336,19.400000000000002,16.666666666666668,66.66666666666667
2017-12-22 12:00:00,38.33333333333333,27.166666666666668,18.5,64.16666666666667
2017-12-22 18:00:00,70.83333333333333,23.95,18.0,61.666666666666664
2017-12-23 00:00:00,73.83333333333333,20.75,12.333333333333334,35.833333333333336
2017-12-23 06:00:00,66.49999999999999,22.616666666666664,14.5,18.333333333333332
2017-12-23 12:00:00,36.833333333333336,31.183333333333334,19.0,45.0
2017-12-23 18:00:00,79.50000000000001,27.0,22.666666666666668,56.666666666666664
2017-12-24 00:00:00,79.0,23.599999999999998,25.333333333333332,58.333333333333336
2017-12-24 06:00:00,46.0,24.566666666666666,26.166666666666668,50.833333333333336
2017-12-24 12:00:00,31.0,31.150000000000002,38.166666666666664,55.833333333333336
2017-12-24 18:00:00,19.833333333333332,26.933333333333334,44.166666666666664,64.16666666666667
2017-12-25 00:00:00,14.333333333333334,23.016666666666666,27.0,56.666666666666664
2017-12-25 06:00:00,26.666666666666668,21.849999999999998,30.5,45.0
2017-12-25 12:00:00,29.333333333333332,27.8,35.666666666666664,55.833333333333336
2017-12-25 18:00:00,44.666666666666664,23.7,28.166666666666668,77.5
2017-12-26 00:00:00,56.83333333333334,22.483333333333334,12.5,83.33333333333333
2017-12-26 06:00:00,48.5,22.5,15.333333333333334,82.5
2017-12-26 12:00:00,54.0,24.25,23.833333333333332,90.0
2017-12-26 18:00:00,44.5,20.466666666666665,37.166666666666664,90.83333333333333
2017-12-27 00:00:00,41.66666666666667,18.933333333333334,40.333333333333336,112.5
2017-12-27 06:00:00,29.833333333333332,20.233333333333334,49.333333333333336,122.5
2017-12-27 12:00:00,35.49999999999999,23.133333333333336,45.0,135.83333333333334
2017-12-27 18:00:00,20.0,21.55,37.333333333333336,136.66666666666666
2017-12-28 00:00:00,11.666666666666666,20.6,37.5,125.83333333333333
2017-12-28 06:00:00,22.5,21.666666666666668,35.333333333333336,127.5
2017-12-28 12:00:00,20.333333333333332,26.633333333333336,33.0,127.5
2017-12-28 18:00:00,13.133598830218503,23.583333333333332,32.166666666666664,117.5
2017-12-29 00:00:00,29.833333333333332,21.266666666666666,26.666666666666668,116.66666666666667
2017-12-29 06:00:00,18.999999999999996,23.416666666666668,25.666666666666668,109.16666666666667
2017-12-29 12:00:00,17.0,30.866666666666664,23.333333333333332,87.5
2017-12-29 18:00:00,10.833333333333334,27.0,32.666666666666664,70.83333333333333
2017-12-30 00:00:00,15.388888888888891,24.083333333333332,35.166666666666664,65.0
2017-12-30 06:00:00,19.444444444444446,24.566666666666666,31.666666666666668,81.66666666666667
2017-12-30 12:00:00,6.966932163551834,30.866666666666664,29.166666666666668,82.5
2017-12-30 18:00:00,19.999999999999996,27.5,38.333333333333336,73.33333333333333
2017-12-31 00:00:00,3.089950876429563,24.400000000000002,31.5,79.16666666666667
2017-12-31 06:00:00,10.444444444444445,24.25,19.5,105.0
2017-12-31 12:00:00,15.833333333333334,29.45,26.0,93.33333333333333
2017-12-31 18:00:00,12.833333333333334,25.933333333333334,27.666666666666668,96.66666666666667
2018-01-01 00:00:00,12.333333333333334,22.333333333333332,12.166666666666666,98.33333333333333
2018-01-01 06:00:00,10.966932163551837,22.166666666666668,9.166666666666666,109.16666666666667
2018-01-01 12:00:00,21.5,28.933333333333334,8.833333333333334,94.16666666666667
2018-01-01 18:00:00,23.5,25.166666666666668,13.666666666666666,90.83333333333333
2018-01-02 00:00:00,22.333333333333332,22.166666666666668,8.333333333333334,115.0
2018-01-02 06:00:00,20.333333333333332,22.8,7.666666666666667,193.33333333333334
2018-01-02 12:00:00,19.666666666666664,28.916666666666668,9.166666666666666,210.0
2018-01-02 18:00:00,19.966932163551835,25.816666666666666,18.666666666666668,227.5
2018-01-03 00:00:00,31.6335988302185,23.066666666666666,10.833333333333334,179.16666666666666
2018-01-03 06:00:00,25.333333333333332,23.733333333333334,11.0,216.66666666666666
2018-01-03 12:00:00,34.166666666666664,30.2,9.0,224.16666666666666
2018-01-03 18:00:00,41.666666666666664,27.016666666666666,12.333333333333334,214.16666666666666
2018-01-04 00:00:00,42.666666666666664,24.483333333333334,15.5,95.83333333333333
2018-01-04 06:00:00,35.0,25.116666666666664,16.666666666666668,80.0
2018-01-04 12:00:00,24.166666666666668,31.583333333333332,13.666666666666666,81.66666666666667
2018-01-04 18:00:00,40.5,28.466666666666665,13.833333333333334,55.833333333333336
2018-01-05 00:00:00,51.83333333333334,25.566666666666666,22.166666666666668,179.16666666666666
2018-01-05 06:00:00,56.49999999999999,26.150000000000002,16.833333333333332,197.5
2018-01-05 12:00:00,28.5,33.233333333333334,20.333333333333332,190.83333333333334
2018-01-05 18:00:00,50.0,29.900000000000002,26.833333333333332,200.83333333333334
2018-01-06 00:00:00,48.333333333333336,26.5,10.5,246.66666666666666
2018-01-06 06:00:00,67.33333333333334,27.133333333333336,2.6666666666666665,289.1666666666667
2018-01-06 12:00:00,53.666666666666664,32.85,4.333333333333333,259.1666666666667
2018-01-06 18:00:00,72.83333333333333,29.816666666666666,5.166666666666667,185.0
2018-01-07 00:00:00,66.83333333333333,26.599999999999998,24.5,234.16666666666666
2018-01-07 06:00:00,23.166666666666668,26.78333333333333,35.166666666666664,251.66666666666666
2018-01-07 12:00:00,32.5,32.300000000000004,27.0,254.16666666666666
2018-01-07 18:00:00,43.166666666666664,28.933333333333334,29.333333333333332,254.16666666666666
2018-01-08 00:00:00,28.5,25.683333333333334,42.0,266.6666666666667
2018-01-08 06:00:00,37.0,26.28333333333333,44.0,263.3333333333333
2018-01-08 12:00:00,28.333333333333332,32.56666666666666,31.0,270.8333333333333
2018-01-08 18:00:00,41.00000000000001,29.45,36.0,274.1666666666667
2018-01-09 00:00:00,53.0,26.3,46.333333333333336,265.0
2018-01-09 06:00:00,58.0,27.05,45.166666666666664,270.8333333333333
2018-01-09 12:00:00,27.333333333333332,33.300000000000004,36.666666666666664,271.6666666666667
2018-01-09 18:00:00,44.0,30.133333333333336,31.333333333333332,260.0
2018-01-10 00:00:00,40.16666666666668,26.21666666666667,19.833333333333332,100.0
2018-01-10 06:00:00,15.166666666666666,23.183333333333334,16.666666666666668,89.16666666666667
2018-01-10 12:00:00,29.166666666666668,26.5,15.5,100.83333333333333
2018-01-10 18:00:00,32.0,24.400000000000002,25.333333333333332,87.5
2018-01-11 00:00:00,20.666666666666668,21.900000000000002,26.5,59.166666666666664
2018-01-11 06:00:00,29.833333333333332,21.26666666666667,27.166666666666668,62.5
2018-01-11 12:00:00,35.5,26.45,27.166666666666668,60.833333333333336
2018-01-11 18:00:00,44.0,24.116666666666664,28.833333333333332,49.166666666666664
2018-01-12 00:00:00,28.0,20.95,19.833333333333332,89.16666666666667
2018-01-12 06:00:00,18.833333333333332,19.633333333333336,16.0,92.5
2018-01-12 12:00:00,21.166666666666668,24.599999999999998,13.833333333333334,89.16666666666667
2018-01-12 18:00:00,40.5,22.183333333333334,14.833333333333334,74.16666666666667
2018-01-13 00:00:00,38.0,18.95,7.666666666666667,106.66666666666667
2018-01-13 06:00:00,21.5,19.01666666666667,16.333333333333332,114.16666666666667
2018-01-13 12:00:00,30.666666666666668,25.566666666666666,14.833333333333334,95.0
2018-01-13 18:00:00,41.5,22.75,20.833333333333332,78.33333333333333
2018-01-14 00:00:00,71.50000000000001,19.666666666666668,17.5,86.66666666666667
2018-01-14 06:00:00,32.166666666666664,20.466666666666665,14.333333333333334,83.33333333333333
2018-01-14 12:00:00,23.166666666666668,27.266666666666666,14.666666666666666,75.0
2018-01-14 18:00:00,39.833333333333336,24.116666666666664,25.833333333333332,70.83333333333333
2018-01-15 00:00:00,40.0,21.15,17.666666666666668,79.16666666666667
2018-01-15 06:00:00,43.833333333333336,21.633333333333336,11.5,124.16666666666667
2018-01-15 12:00:00,34.166666666666664,28.366666666666664,8.166666666666666,96.66666666666667
2018-01-15 18:00:00,53.333333333333336,24.46666666666667,10.0,170.83333333333334
2018-01-16 00:00:00,38.83333333333333,21.666666666666668,10.166666666666666,219.16666666666666
2018-01-16 06:00:00,72.83333333333333,22.933333333333334,15.833333333333334,203.33333333333334
2018-01-16 12:00:00,35.5,30.78333333333333,5.5,191.66666666666666
2018-01-16 18:00:00,90.99999999999999,27.46666666666667,4.666666666666667,122.5
2018-01-17 00:00:00,88.5,24.166666666666668,3.6666666666666665,254.16666666666666
2018-01-17 06:00:00,98.0,24.900000000000002,4.666666666666667,70.0
2018-01-17 12:00:00,56.0,31.866666666666664,5.833333333333333,46.666666666666664
2018-01-17 18:00:00,76.50000000000001,28.516666666666666,7.166666666666667,64.16666666666667
2018-01-18 00:00:00,104.83333333333336,24.95,4.5,56.666666666666664
2018-01-18 06:00:00,64.66666666666666,25.21666666666667,6.0,18.333333333333332
2018-01-18 12:00:00,47.166666666666664,32.15,11.0,48.333333333333336
2018-01-18 18:00:00,58.666666666666664,28.150000000000002,14.5,57.5
2018-01-19 00:00:00,79.0,24.950000000000003,17.5,44.166666666666664
2018-01-19 06:00:00,70.00000000000001,25.349999999999998,14.833333333333334,57.5
2018-01-19 12:00:00,50.833333333333336,32.516666666666666,16.333333333333332,67.5
2018-01-19 18:00:00,54.5,29.049999999999997,16.333333333333332,65.0
2018-01-20 00:00:00,56.5,28.2,12.833333333333334,51.666666666666664
2018-01-20 06:00:00,43.166666666666664,28.2,14.333333333333334,78.33333333333333
2018-01-20 12:00:00,48.333333333333336,28.2,13.666666666666666,75.83333333333333
2018-01-20 18:00:00,64.5,28.2,16.333333333333332,73.33333333333333
2018-01-21 00:00:00,90.00000000000001,28.2,11.166666666666666,67.5
2018-01-21 06:00:00,76.16666666666666,28.2,8.5,60.0
2018-01-21 12:00:00,36.99999999999999,28.2,8.0,48.333333333333336
2018-01-21 18:00:00,62.50000000000001,28.2,9.0,51.666666666666664
2018-01-22 00:00:00,80.83333333333336,28.2,12.0,49.166666666666664
2018-01-22 06:00:00,88.16666666666667,28.2,12.5,59.166666666666664
2018-01-22 12:00:00,56.333333333333336,28.2,10.666666666666666,65.83333333333333
2018-01-22 18:00:00,50.333333333333336,28.2,12.666666666666666,69.16666666666667
2018-01-23 00:00:00,67.83333333333333,28.2,6.166666666666667,68.33333333333333
2018-01-23 06:00:00,78.50000000000001,28.2,5.166666666666667,95.83333333333333
2018-01-23 12:00:00,44.5,28.2,3.8333333333333335,62.5
2018-01-23 18:00:00,56.833333333333336,28.2,3.6666666666666665,16.666666666666668
2018-01-24 00:00:00,81.33333333333336,28.2,6.166666666666667,64.16666666666667
2018-01-24 06:00:00,84.16666666666666,28.2,9.333333333333334,96.66666666666667
2018-01-24 12:00:00,50.0,28.2,6.333333333333333,101.66666666666667
2018-01-24 18:00:00,61.0,28.2,3.6666666666666665,120.0
2018-01-25 00:00:00,90.16666666666669,28.2,8.5,104.16666666666667
2018-01-25 06:00:00,77.16666666666666,28.2,11.833333333333334,124.16666666666667
2018-01-25 12:00:00,46.66666666666668,28.2,5.666666666666667,148.33333333333334
2018-01-25 18:00:00,50.833333333333336,28.2,9.5,85.0
2018-01-26 00:00:00,56.333333333333336,28.2,13.666666666666666,73.33333333333333
2018-01-26 06:00:00,80.16666666666667,28.2,18.5,85.83333333333333
2018-01-26 12:00:00,40.833333333333336,28.2,11.333333333333334,107.5
2018-01-26 18:00:00,63.666666666666664,28.2,13.666666666666666,117.5
2018-01-27 00:00:00,23.333333333333332,28.2,13.5,119.16666666666667
2018-01-27 06:00:00,47.833333333333336,28.2,11.666666666666666,138.33333333333334
2018-01-27 12:00:00,31.0,28.2,7.5,163.33333333333334
2018-01-27 18:00:00,36.666666666666664,28.2,4.666666666666667,185.83333333333334
2018-01-28 00:00:00,36.50000000000001,28.2,2.5,88.33333333333333
2018-01-28 06:00:00,50.0,29.03333333333333,5.5,126.66666666666667
2018-01-28 12:00:00,32.666666666666664,33.31666666666666,5.333333333333333,182.5
2018-01-28 18:00:00,38.0,31.599999999999998,3.6666666666666665,228.33333333333334
2018-01-29 00:00:00,53.66666666666668,28.116666666666664,4.333333333333333,217.5
2018-01-29 06:00:00,37.666666666666664,27.98333333333333,4.333333333333333,118.33333333333333
2018-01-29 12:00:00,17.666666666666664,33.666666666666664,2.6666666666666665,161.66666666666666
2018-01-29 18:00:00,57.50000000000001,31.416666666666668,3.5,185.83333333333334
2018-01-30 00:00:00,59.33333333333332,28.21666666666667,3.0,131.66666666666666
2018-01-30 06:00:00,52.33333333333332,27.933333333333334,4.166666666666667,179.16666666666666
2018-01-30 12:00:00,32.0,32.483333333333334,9.166666666666666,221.66666666666666
2018-01-30 18:00:00,48.166666666666664,29.816666666666666,16.666666666666668,233.33333333333334
2018-01-31 00:00:00,34.5,26.03333333333333,19.666666666666668,233.33333333333334
2018-01-31 06:00:00,59.5,26.333333333333332,17.833333333333332,222.5
2018-01-31 12:00:00,35.166666666666664,32.9,9.0,194.16666666666666
2018-01-31 18:00:00,46.333333333333336,29.75,4.5,171.66666666666666
2018-02-01 00:00:00,37.0,26.099999999999998,11.5,87.5
2018-02-01 06:00:00,33.5,24.983333333333334,17.5,96.66666666666667
2018-02-01 12:00:00,37.333333333333336,30.0,17.5,88.33333333333333
2018-02-01 18:00:00,29.666666666666668,27.25,16.833333333333332,102.5
2018-02-02 00:00:00,51.333333333333336,23.75,19.666666666666668,218.33333333333334
2018-02-02 06:00:00,58.49999999999999,23.983333333333334,13.5,200.0
2018-02-02 12:00:00,28.10053099377033,30.05,5.333333333333333,61.666666666666664
2018-02-02 18:00:00,72.66666666666667,27.28333333333333,8.833333333333334,109.16666666666667
2018-02-03 00:00:00,45.5,24.883333333333336,11.5,203.33333333333334
2018-02-03 06:00:00,32.833333333333336,22.066666666666666,13.333333333333334,195.83333333333334
2018-02-03 12:00:00,29.833333333333332,26.55,11.666666666666666,197.5
2018-02-03 18:00:00,58.166666666666664,24.983333333333334,10.333333333333334,218.33333333333334
2018-02-04 00:00:00,46.5,22.166666666666668,21.333333333333332,100.0
2018-02-04 06:00:00,44.0,21.933333333333334,18.666666666666668,74.16666666666667
2018-02-04 12:00:00,46.333333333333336,28.8,10.0,69.16666666666667
2018-02-04 18:00:00,51.666666666666664,25.45,6.333333333333333,51.666666666666664
2018-02-05 00:00:00,41.666666666666664,22.383333333333336,16.333333333333332,195.83333333333334
2018-02-05 06:00:00,43.166666666666664,22.28333333333333,12.666666666666666,195.0
2018-02-05 12:00:00,45.833333333333336,29.3,13.5,187.5
2018-02-05 18:00:00,60.0,25.766666666666666,18.0,210.83333333333334
2018-02-06 00:00:00,49.49999999999999,21.933333333333334,7.0,225.0
2018-02-06 06:00:00,47.0,21.5,4.666666666666667,265.0
2018-02-06 12:00:00,53.166666666666664,28.116666666666664,3.5,238.33333333333334
2018-02-06 18:00:00,76.33333333333334,24.733333333333334,9.333333333333334,207.5
2018-02-07 00:00:00,80.16666666666667,21.666666666666668,28.0,243.33333333333334
2018-02-07 06:00:00,91.66666666666669,22.883333333333336,36.333333333333336,249.16666666666666
2018-02-07 12:00:00,68.0,30.833333333333332,30.833333333333332,253.33333333333334
2018-02-07 18:00:00,84.16666666666667,27.349999999999998,34.333333333333336,250.83333333333334
2018-02-08 00:00:00,97.0,23.53333333333333,39.166666666666664,269.1666666666667
2018-02-08 06:00:00,112.66666666666667,24.150000000000002,46.333333333333336,275.0
2018-02-08 12:00:00,70.66666666666666,30.766666666666666,43.333333333333336,274.1666666666667
2018-02-08 18:00:00,93.66666666666669,27.799999999999997,45.666666666666664,283.3333333333333
2018-02-09 00:00:00,107.66666666666667,24.0,30.5,261.6666666666667
2018-02-09 06:00:00,71.33333333333333,24.46666666666667,26.833333333333332,264.1666666666667
2018-02-09 12:00:00,29.666666666666668,31.71666666666667,26.666666666666668,278.3333333333333
2018-02-09 18:00:00,71.16666666666667,28.71666666666667,27.166666666666668,263.3333333333333
2018-02-10 00:00:00,74.33333333333333,24.650000000000002,25.166666666666668,121.66666666666667
2018-02-10 06:00:00,68.50000000000001,25.316666666666666,17.5,100.83333333333333
2018-02-10 12:00:00,39.83333333333333,32.53333333333333,16.666666666666668,85.83333333333333
2018-02-10 18:00:00,75.5,29.816666666666666,23.333333333333332,78.33333333333333
2018-02-11 00:00:00,93.5,26.55,21.5,62.5
2018-02-11 06:00:00,87.50000000000001,26.933333333333334,17.666666666666668,90.83333333333333
2018-02-11 12:00:00,76.33333333333333,34.333333333333336,11.833333333333334,95.83333333333333
2018-02-11 18:00:00,89.0,31.21666666666667,14.0,76.66666666666667
2018-02-12 00:00:00,55.50000000000001,27.2,18.833333333333332,70.83333333333333
2018-02-12 06:00:00,62.5,26.5,17.833333333333332,81.66666666666667
2018-02-12 12:00:00,41.666666666666664,32.11666666666667,14.833333333333334,98.33333333333333
2018-02-12 18:00:00,46.166666666666664,28.733333333333334,12.333333333333334,108.33333333333333
2018-02-13 00:00:00,22.633598830218506,24.733333333333334,19.666666666666668,77.5
2018-02-13 06:00:00,43.666666666666664,23.53333333333333,16.166666666666668,80.83333333333333
2018-02-13 12:00:00,40.66666666666667,30.599999999999998,13.666666666666666,67.5
2018-02-13 18:00:00,60.33333333333332,27.95,14.333333333333334,83.33333333333333
2018-02-14 00:00:00,65.83333333333333,24.05,11.666666666666666,67.5
2018-02-14 06:00:00,64.83333333333333,25.383333333333336,11.833333333333334,50.833333333333336
2018-02-14 12:00:00,59.16666666666666,33.516666666666666,8.333333333333334,35.833333333333336
2018-02-14 18:00:00,71.16666666666667,30.349999999999998,6.833333333333333,55.0
2018-02-15 00:00:00,93.16666666666667,26.583333333333332,5.166666666666667,301.6666666666667
2018-02-15 06:00:00,97.66666666666667,26.7,13.0,336.6666666666667
2018-02-15 12:00:00,55.66666666666666,34.333333333333336,4.5,317.5
2018-02-15 18:00:00,72.33333333333334,31.2,5.5,333.3333333333333
2018-02-16 00:00:00,84.66666666666666,26.766666666666666,6.333333333333333,335.8333333333333
2018-02-16 06:00:00,87.50000000000001,27.116666666666664,3.1666666666666665,130.0
2018-02-16 12:00:00,53.16666666666668,35.0,5.666666666666667,130.0
2018-02-16 18:00:00,79.5,32.18333333333333,3.3333333333333335,139.16666666666666
2018-02-17 00:00:00,91.99999999999999,27.433333333333334,5.166666666666667,82.5
2018-02-17 06:00:00,72.0,27.71666666666667,6.5,170.0
2018-02-17 12:00:00,42.833333333333336,34.63333333333333,10.0,178.33333333333334
2018-02-17 18:00:00,66.16666666666666,32.016666666666666,11.333333333333334,178.33333333333334
2018-02-18 00:00:00,64.33333333333333,27.7,14.333333333333334,156.66666666666666
2018-02-18 06:00:00,47.0,28.03333333333333,18.833333333333332,146.66666666666666
2018-02-18 12:00:00,44.666666666666664,34.5,14.666666666666666,159.16666666666666
2018-02-18 18:00:00,47.0,32.483333333333334,7.833333333333333,130.0
2018-02-19 00:00:00,52.333333333333336,27.71666666666667,9.0,57.5
2018-02-19 06:00:00,66.83333333333333,28.366666666666664,17.166666666666668,84.16666666666667
2018-02-19 12:00:00,52.5,33.2,10.5,97.5
2018-02-19 18:00:00,49.333333333333336,30.650000000000002,5.5,110.0
2018-02-20 00:00:00,53.0,27.433333333333334,11.833333333333334,103.33333333333333
2018-02-20 06:00:00,41.0,28.05,15.666666666666666,125.0
2018-02-20 12:00:00,33.33333333333333,33.28333333333333,8.333333333333334,134.16666666666666
2018-02-20 18:00:00,39.5,30.883333333333336,5.0,103.33333333333333
2018-02-21 00:00:00,19.666666666666668,27.099999999999998,7.166666666666667,105.83333333333333
2018-02-21 06:00:00,19.666666666666668,27.583333333333332,6.166666666666667,160.83333333333334
2018-02-21 12:00:00,29.666666666666668,33.71666666666666,5.833333333333333,165.0
2018-02-21 18:00:00,43.833333333333336,31.433333333333334,9.166666666666666,183.33333333333334
2018-02-22 00:00:00,35.0,27.600000000000005,8.5,196.66666666666666
2018-02-22 06:00:00,31.5,27.916666666666668,11.166666666666666,144.16666666666666
2018-02-22 12:00:00,32.666666666666664,33.36666666666667,11.333333333333334,135.0
2018-02-22 18:00:00,29.16666666666666,31.400000000000002,9.333333333333334,132.5
2018-02-23 00:00:00,38.166666666666664,27.266666666666666,13.0,111.66666666666667
2018-02-23 06:00:00,25.0,27.3,8.0,140.83333333333334
2018-02-23 12:00:00,22.5,31.75,9.666666666666666,95.0
2018-02-23 18:00:00,35.833333333333336,30.066666666666666,12.666666666666666,92.5
2018-02-24 00:00:00,38.166666666666664,27.0,19.333333333333332,129.16666666666666
2018-02-24 06:00:00,57.0,27.883333333333336,21.0,140.0
2018-02-24 12:00:00,37.833333333333336,32.76666666666667,11.5,130.83333333333334
2018-02-24 18:00:00,48.5,31.183333333333334,10.0,111.66666666666667
2018-02-25 00:00:00,47.5,28.53333333333333,9.333333333333334,98.33333333333333
2018-02-25 06:00:00,62.16666666666666,29.25,13.666666666666666,78.33333333333333
2018-02-25 12:00:00,47.66666666666668,34.583333333333336,10.833333333333334,70.0
2018-02-25 18:00:00,27.833333333333332,32.43333333333334,17.666666666666668,71.66666666666667
2018-02-26 00:00:00,33.333333333333336,28.816666666666666,24.166666666666668,90.83333333333333
2018-02-26 06:00:00,47.166666666666664,28.71666666666667,22.333333333333332,91.66666666666667
2018-02-26 12:00:00,35.49999999999999,33.416666666666664,14.5,99.16666666666667
2018-02-26 18:00:00,56.5,31.599999999999998,14.166666666666666,81.66666666666667
2018-02-27 00:00:00,39.0,27.266666666666666,16.5,88.33333333333333
2018-02-27 06:00:00,36.5,27.766666666666666,9.0,126.66666666666667
2018-02-27 12:00:00,37.833333333333336,33.166666666666664,4.333333333333333,204.16666666666666
2018-02-27 18:00:00,44.5,31.599999999999998,7.166666666666667,195.83333333333334
2018-02-28 00:00:00,22.5,28.166666666666668,9.833333333333334,166.66666666666666
2018-02-28 06:00:00,62.0,28.53333333333333,6.333333333333333,166.66666666666666
2018-02-28 12:00:00,32.5,34.1,5.0,190.83333333333334
2018-02-28 18:00:00,65.66666666666667,32.016666666666666,5.166666666666667,175.83333333333334
2018-03-01 00:00:00,51.33333333333334,28.616666666666664,11.666666666666666,139.16666666666666
2018-03-01 06:00:00,38.83333333333333,28.666666666666668,8.333333333333334,132.5
2018-03-01 12:00:00,37.166666666666664,34.11666666666667,8.0,108.33333333333333
2018-03-01 18:00:00,41.49999999999999,31.933333333333334,15.0,118.33333333333333
2018-03-02 00:00:00,34.0,28.25,12.166666666666666,120.0
2018-03-02 06:00:00,46.5,28.55,12.833333333333334,106.66666666666667
2018-03-02 12:00:00,35.49999999999999,34.21666666666667,10.833333333333334,94.16666666666667
2018-03-02 18:00:00,48.0,32.15,13.333333333333334,90.0
2018-03-03 00:00:00,34.333333333333336,28.166666666666668,10.333333333333334,213.33333333333334
2018-03-03 06:00:00,36.666666666666664,28.55,12.833333333333334,194.16666666666666
2018-03-03 12:00:00,32.5,34.53333333333333,16.333333333333332,198.33333333333334
2018-03-03 18:00:00,31.83333333333333,31.78333333333333,15.0,229.16666666666666
2018-03-04 00:00:00,34.666666666666664,27.883333333333336,24.333333333333332,100.0
2018-03-04 06:00:00,23.333333333333332,28.333333333333332,17.0,84.16666666666667
2018-03-04 12:00:00,21.833333333333332,35.0,7.833333333333333,90.0
2018-03-04 18:00:00,46.50000000000001,32.75,4.166666666666667,61.666666666666664
2018-03-05 00:00:00,57.666666666666664,28.833333333333332,12.5,182.5
2018-03-05 06:00:00,54.166666666666664,29.183333333333334,13.333333333333334,173.33333333333334
2018-03-05 12:00:00,20.30026549688517,36.68333333333333,11.833333333333334,160.0
2018-03-05 18:00:00,50.333333333333336,34.31666666666667,10.666666666666666,190.0
2018-03-06 00:00:00,39.5,30.066666666666666,14.0,245.83333333333334
2018-03-06 06:00:00,23.833333333333332,30.116666666666664,16.333333333333332,265.8333333333333
2018-03-06 12:00:00,24.833333333333332,36.73333333333333,9.166666666666666,265.8333333333333
2018-03-06 18:00:00,58.833333333333336,34.05,12.166666666666666,246.66666666666666
2018-03-07 00:00:00,32.333333333333336,29.63333333333333,31.166666666666668,255.83333333333334
2018-03-07 06:00:00,40.5,29.916666666666668,38.833333333333336,275.0
2018-03-07 12:00:00,20.583333333333332,35.46666666666667,34.166666666666664,268.3333333333333
2018-03-07 18:00:00,22.0,32.800000000000004,31.333333333333332,260.0
2018-03-08 00:00:00,26.666666666666668,28.733333333333334,48.666666666666664,273.3333333333333
2018-03-08 06:00:00,52.5,29.683333333333334,50.333333333333336,271.6666666666667
2018-03-08 12:00:00,29.5,35.13333333333333,41.5,280.0
2018-03-08 18:00:00,45.666666666666664,32.18333333333333,44.333333333333336,281.6666666666667
2018-03-09 00:00:00,32.666666666666664,28.316666666666666,29.166666666666668,254.16666666666666
2018-03-09 06:00:00,26.666666666666668,27.183333333333334,32.0,262.5
2018-03-09 12:00:00,28.666666666666668,29.766666666666666,25.5,270.8333333333333
2018-03-09 18:00:00,30.33333333333333,28.333333333333332,22.333333333333332,263.3333333333333
2018-03-10 00:00:00,22.166666666666668,25.333333333333332,22.666666666666668,108.33333333333333
2018-03-10 06:00:00,41.333333333333336,25.483333333333334,22.333333333333332,70.83333333333333
2018-03-10 12:00:00,33.166666666666664,32.18333333333333,21.833333333333332,80.0
2018-03-10 18:00:00,55.33333333333334,29.416666666666668,26.833333333333332,81.66666666666667
2018-03-11 00:00:00,55.166666666666664,25.983333333333334,14.333333333333334,88.33333333333333
2018-03-11 06:00:00,52.16666666666668,27.150000000000002,8.666666666666666,81.66666666666667
2018-03-11 12:00:00,49.66666666666668,33.86666666666667,8.833333333333334,73.33333333333333
2018-03-11 18:00:00,62.66666666666668,31.28333333333333,7.5,82.5
2018-03-12 00:00:00,95.99999999999999,27.816666666666666,13.833333333333334,81.66666666666667
2018-03-12 06:00:00,84.99999999999999,28.733333333333334,23.166666666666668,76.66666666666667
2018-03-12 12:00:00,53.333333333333336,35.13333333333333,20.333333333333332,82.5
2018-03-12 18:00:00,90.99999999999999,32.38333333333333,22.333333333333332,82.5
2018-03-13 00:00:00,81.66666666666667,28.483333333333334,8.666666666666666,137.5
2018-03-13 06:00:00,72.33333333333333,28.649999999999995,6.5,174.16666666666666
2018-03-13 12:00:00,49.833333333333336,33.86666666666667,11.0,219.16666666666666
2018-03-13 18:00:00,60.00000000000001,31.599999999999998,12.666666666666666,205.0
2018-03-14 00:00:00,37.833333333333336,27.95,11.333333333333334,210.0
2018-03-14 06:00:00,52.333333333333336,28.816666666666666,19.833333333333332,220.0
2018-03-14 12:00:00,39.833333333333336,35.21666666666667,20.333333333333332,222.5
2018-03-14 18:00:00,42.333333333333336,31.900000000000002,19.5,240.0
2018-03-15 00:00:00,38.5,27.8,24.0,243.33333333333334
2018-03-15 06:00:00,28.16666666666666,28.816666666666666,16.333333333333332,233.33333333333334
2018-03-15 12:00:00,40.0,34.983333333333334,17.0,215.0
2018-03-15 18:00:00,43.333333333333336,31.25,17.666666666666668,225.83333333333334
2018-03-16 00:00:00,27.166666666666668,26.46666666666667,13.5,233.33333333333334
2018-03-16 06:00:00,36.666666666666664,27.566666666666666,11.666666666666666,195.83333333333334
2018-03-16 12:00:00,19.0,35.46666666666666,14.0,191.66666666666666
2018-03-16 18:00:00,46.333333333333336,31.916666666666668,14.833333333333334,186.66666666666666
2018-03-17 00:00:00,43.0,26.900000000000002,20.166666666666668,180.83333333333334
2018-03-17 06:00:00,36.33333333333333,28.03333333333333,19.333333333333332,158.33333333333334
2018-03-17 12:00:00,20.166666666666664,35.333333333333336,17.833333333333332,170.83333333333334
2018-03-17 18:00:00,49.333333333333336,32.63333333333333,13.833333333333334,170.83333333333334
2018-03-18 00:00:00,30.333333333333332,28.116666666666664,13.5,189.16666666666666
2018-03-18 06:00:00,25.5,28.7,13.833333333333334,190.83333333333334
2018-03-18 12:00:00,28.333333333333332,35.65,14.166666666666666,190.0
2018-03-18 18:00:00,31.333333333333332,32.6,11.833333333333334,217.5
2018-03-19 00:00:00,23.166666666666668,28.416666666666668,11.0,235.0
2018-03-19 06:00:00,9.0,29.51666666666667,14.666666666666666,220.0
2018-03-19 12:00:00,19.833333333333332,36.233333333333334,15.0,225.83333333333334
2018-03-19 18:00:00,61.833333333333314,33.25,14.333333333333334,244.16666666666666
2018-03-20 00:00:00,35.0,29.016666666666666,18.5,238.33333333333334
2018-03-20 06:00:00,25.666666666666668,29.88333333333333,15.833333333333334,243.33333333333334
2018-03-20 12:00:00,33.166666666666664,36.78333333333333,12.166666666666666,225.0
2018-03-20 18:00:00,65.83333333333334,33.63333333333333,6.666666666666667,139.16666666666666
2018-03-21 00:00:00,36.5,28.983333333333334,5.0,174.16666666666666
2018-03-21 06:00:00,35.166666666666664,29.73333333333333,8.666666666666666,190.83333333333334
2018-03-21 12:00:00,32.833333333333336,35.65,4.5,115.83333333333333
2018-03-21 18:00:00,39.49999999999999,32.9,7.333333333333333,130.0
2018-03-22 00:00:00,42.166666666666664,28.183333333333334,10.333333333333334,136.66666666666666
2018-03-22 06:00:00,50.833333333333336,28.3,7.833333333333333,115.83333333333333
2018-03-22 12:00:00,34.166666666666664,31.599999999999998,6.333333333333333,88.33333333333333
2018-03-22 18:00:00,46.833333333333336,29.95,9.833333333333334,106.66666666666667
2018-03-23 00:00:00,42.166666666666664,27.650000000000002,10.833333333333334,97.5
2018-03-23 06:00:00,44.166666666666664,28.78333333333333,12.5,110.83333333333333
2018-03-23 12:00:00,46.833333333333336,34.56666666666666,11.333333333333334,96.66666666666667
2018-03-23 18:00:00,56.83333333333334,31.683333333333334,8.666666666666666,88.33333333333333
2018-03-24 00:00:00,56.333333333333336,27.933333333333334,11.166666666666666,92.5
2018-03-24 06:00:00,76.33333333333334,29.266666666666666,16.166666666666668,100.83333333333333
2018-03-24 12:00:00,60.166666666666664,34.800000000000004,10.333333333333334,98.33333333333333
2018-03-24 18:00:00,80.83333333333333,32.5,15.333333333333334,97.5
2018-03-25 00:00:00,78.83333333333331,29.25,13.833333333333334,110.83333333333333
2018-03-25 06:00:00,62.33333333333334,29.71666666666667,10.166666666666666,97.5
2018-03-25 12:00:00,53.5,35.416666666666664,6.5,148.33333333333334
2018-03-25 18:00:00,76.0,32.300000000000004,4.833333333333333,162.5
2018-03-26 00:00:00,62.33333333333334,28.86666666666667,6.166666666666667,99.16666666666667
2018-03-26 06:00:00,49.66666666666666,29.366666666666664,8.5,100.83333333333333
2018-03-26 12:00:00,35.0,34.88333333333333,6.666666666666667,99.16666666666667
2018-03-26 18:00:00,57.0,32.65,11.666666666666666,97.5
2018-03-27 00:00:00,51.66666666666668,28.783333333333335,14.0,116.66666666666667
2018-03-27 06:00:00,76.16666666666667,29.583333333333332,15.166666666666666,107.5
2018-03-27 12:00:00,54.5,34.233333333333334,8.0,126.66666666666667
2018-03-27 18:00:00,68.5,31.733333333333334,9.5,106.66666666666667
2018-03-28 00:00:00,67.49999999999999,28.599999999999998,12.0,87.5
2018-03-28 06:00:00,67.66666666666667,29.53333333333333,7.166666666666667,140.83333333333334
2018-03-28 12:00:00,49.0,34.416666666666664,9.333333333333334,206.66666666666666
2018-03-28 18:00:00,47.166666666666664,31.8,9.0,239.16666666666666
2018-03-29 00:00:00,28.666666666666668,28.133333333333336,12.0,245.83333333333334
2018-03-29 06:00:00,28.833333333333332,29.266666666666666,13.0,237.5
2018-03-29 12:00:00,36.99999999999999,35.68333333333333,13.666666666666666,230.83333333333334
2018-03-29 18:00:00,31.666666666666668,31.7,11.0,225.83333333333334
2018-03-30 00:00:00,25.5,28.516666666666666,18.666666666666668,234.16666666666666
2018-03-30 06:00:00,39.83333333333333,29.483333333333334,13.0,223.33333333333334
2018-03-30 12:00:00,33.99999999999999,35.51666666666667,11.0,198.33333333333334
2018-03-30 18:00:00,40.49999999999999,32.583333333333336,5.833333333333333,185.83333333333334
2018-03-31 00:00:00,52.33333333333334,28.866666666666664,9.5,61.666666666666664
2018-03-31 06:00:00,47.333333333333336,30.03333333333333,11.166666666666666,125.0
2018-03-31 12:00:00,29.0,35.61666666666667,7.5,124.16666666666667
2018-03-31 18:00:00,42.833333333333336,32.88333333333333,10.333333333333334,76.66666666666667
2018-04-01 00:00:00,28.666666666666668,29.25,6.666666666666667,101.66666666666667
2018-04-01 06:00:00,45.166666666666664,29.816666666666666,2.8333333333333335,150.0
2018-04-01 12:00:00,47.49999999999999,34.1,6.0,67.5
2018-04-01 18:00:00,44.0,32.15,9.166666666666666,87.5
2018-04-02 00:00:00,45.5,28.333333333333332,9.333333333333334,140.0
2018-04-02 06:00:00,68.0,29.649999999999995,10.0,135.0
2018-04-02 12:00:00,46.5,35.983333333333334,6.833333333333333,118.33333333333333
2018-04-02 18:00:00,62.166666666666664,32.46666666666667,4.833333333333333,143.33333333333334
2018-04-03 00:00:00,37.83333333333333,27.799999999999997,17.166666666666668,212.5
2018-04-03 06:00:00,44.49999999999999,29.633333333333336,15.5,242.5
2018-04-03 12:00:00,52.166666666666664,36.26666666666667,8.166666666666666,234.16666666666666
2018-04-03 18:00:00,61.666666666666664,33.36666666666667,5.5,234.16666666666666
2018-04-04 00:00:00,43.666666666666664,29.433333333333334,7.166666666666667,325.0
2018-04-04 06:00:00,36.0,30.0,5.5,110.83333333333333
2018-04-04 12:00:00,38.666666666666664,34.53333333333333,8.166666666666666,154.16666666666666
2018-04-04 18:00:00,31.33333333333333,31.76666666666667,8.333333333333334,154.16666666666666
2018-04-05 00:00:00,58.666666666666664,28.083333333333332,10.666666666666666,149.16666666666666
2018-04-05 06:00:00,59.5,29.55,13.0,158.33333333333334
2018-04-05 12:00:00,34.0,34.9,9.166666666666666,180.0
2018-04-05 18:00:00,38.166666666666664,32.06666666666667,9.333333333333334,197.5
2018-04-06 00:00:00,40.166666666666664,28.116666666666664,19.666666666666668,249.16666666666666
2018-04-06 06:00:00,37.5,29.566666666666666,19.833333333333332,258.3333333333333
2018-04-06 12:00:00,29.0,35.81666666666666,10.833333333333334,259.1666666666667
2018-04-06 18:00:00,62.16666666666666,33.21666666666667,16.333333333333332,245.83333333333334
2018-04-07 00:00:00,18.966932163551835,28.583333333333332,41.5,270.8333333333333
2018-04-07 06:00:00,11.466932163551833,24.866666666666664,45.166666666666664,274.1666666666667
2018-04-07 12:00:00,11.0,25.78333333333333,34.0,256.6666666666667
2018-04-07 18:00:00,12.833333333333334,24.349999999999998,31.666666666666668,245.0
2018-04-08 00:00:00,11.166666666666666,22.083333333333332,50.5,270.0
2018-04-08 06:00:00,11.666666666666666,23.783333333333335,53.5,275.0
2018-04-08 12:00:00,32.83333333333333,30.150000000000002,39.5,276.6666666666667
2018-04-08 18:00:00,34.666666666666664,27.150000000000002,37.666666666666664,269.1666666666667
2018-04-09 00:00:00,32.166666666666664,24.28333333333333,31.5,268.3333333333333
2018-04-09 06:00:00,35.833333333333336,26.616666666666664,33.666666666666664,266.6666666666667
2018-04-09 12:00:00,41.666666666666664,34.233333333333334,27.5,265.8333333333333
2018-04-09 18:00:00,49.0,31.05,33.333333333333336,249.16666666666666
2018-04-10 00:00:00,73.66666666666667,27.650000000000002,32.333333333333336,107.5
2018-04-10 06:00:00,76.16666666666669,30.083333333333332,36.833333333333336,78.33333333333333
2018-04-10 12:00:00,41.5,36.916666666666664,32.166666666666664,85.83333333333333
2018-04-10 18:00:00,48.99999999999999,33.550000000000004,35.5,77.5
2018-04-11 00:00:00,63.333333333333336,28.983333333333334,11.0,91.66666666666667
2018-04-11 06:00:00,47.99999999999999,30.166666666666668,5.333333333333333,64.16666666666667
2018-04-11 12:00:00,30.166666666666668,37.416666666666664,8.333333333333334,64.16666666666667
2018-04-11 18:00:00,43.0,33.800000000000004,7.5,96.66666666666667
2018-04-12 00:00:00,30.666666666666668,29.299999999999997,22.0,80.83333333333333
2018-04-12 06:00:00,18.666666666666668,30.71666666666667,25.666666666666668,78.33333333333333
2018-04-12 12:00:00,25.833333333333332,37.333333333333336,24.166666666666668,72.5
2018-04-12 18:00:00,29.666666666666668,33.68333333333333,29.5,71.66666666666667
2018-04-13 00:00:00,18.666666666666668,29.400000000000002,17.333333333333332,201.66666666666666
2018-04-13 06:00:00,24.5,30.816666666666663,14.333333333333334,214.16666666666666
2018-04-13 12:00:00,26.333333333333332,37.833333333333336,12.333333333333334,214.16666666666666
2018-04-13 18:00:00,31.666666666666668,34.85,8.333333333333334,258.3333333333333
2018-04-14 00:00:00,27.5,30.433333333333337,6.333333333333333,246.66666666666666
2018-04-14 06:00:00,22.666666666666668,31.400000000000002,4.5,151.66666666666666
2018-04-14 12:00:00,29.66666666666666,37.98333333333333,8.5,168.33333333333334
2018-04-14 18:00:00,28.166666666666668,34.63333333333333,4.333333333333333,90.83333333333333
2018-04-15 00:00:00,11.333333333333334,30.333333333333332,8.166666666666666,178.33333333333334
2018-04-15 06:00:00,17.0,31.78333333333333,11.666666666666666,230.0
2018-04-15 12:00:00,25.166666666666668,37.583333333333336,7.833333333333333,206.66666666666666
2018-04-15 18:00:00,21.0,34.56666666666667,8.833333333333334,188.33333333333334
2018-04-16 00:00:00,8.583333333333334,29.96666666666667,7.5,131.66666666666666
2018-04-16 06:00:00,14.5,30.933333333333334,11.5,110.83333333333333
2018-04-16 12:00:00,25.166666666666668,36.81666666666667,9.5,103.33333333333333
2018-04-16 18:00:00,28.0,34.166666666666664,10.5,117.5
2018-04-17 00:00:00,26.0,29.75,11.833333333333334,113.33333333333333
2018-04-17 06:00:00,30.333333333333332,30.95,7.666666666666667,96.66666666666667
2018-04-17 12:00:00,19.833333333333332,33.88333333333333,3.1666666666666665,50.0
2018-04-17 18:00:00,19.000000000000004,30.333333333333332,8.666666666666666,61.666666666666664
2018-04-18 00:00:00,25.0,27.53333333333333,15.333333333333334,118.33333333333333
2018-04-18 06:00:00,22.666666666666668,28.900000000000002,11.833333333333334,109.16666666666667
2018-04-18 12:00:00,21.666666666666668,35.333333333333336,5.666666666666667,115.0
2018-04-18 18:00:00,27.333333333333332,32.199999999999996,5.166666666666667,145.0
2018-04-19 00:00:00,36.83333333333333,28.616666666666664,9.0,164.16666666666666
2018-04-19 06:00:00,54.33333333333332,29.983333333333334,9.333333333333334,198.33333333333334
2018-04-19 12:00:00,18.833333333333332,35.300000000000004,6.666666666666667,241.66666666666666
2018-04-19 18:00:00,38.666666666666664,32.75,5.0,265.0
2018-04-20 00:00:00,15.916666666666666,28.733333333333334,3.3333333333333335,227.5
2018-04-20 06:00:00,29.0,30.0,8.833333333333334,188.33333333333334
2018-04-20 12:00:00,28.833333333333332,35.4,12.0,184.16666666666666
2018-04-20 18:00:00,30.833333333333332,32.449999999999996,8.0,221.66666666666666
2018-04-21 00:00:00,36.0,28.766666666666666,7.666666666666667,249.16666666666666
2018-04-21 06:00:00,34.166666666666664,30.433333333333337,8.166666666666666,204.16666666666666
2018-04-21 12:00:00,22.833333333333332,36.61666666666667,9.333333333333334,200.83333333333334
2018-04-21 18:00:00,29.0,33.416666666666664,7.333333333333333,175.0
2018-04-22 00:00:00,14.300265496885169,29.316666666666666,5.0,164.16666666666666
2018-04-22 06:00:00,28.166666666666668,30.633333333333336,9.5,173.33333333333334
2018-04-22 12:00:00,25.666666666666668,36.666666666666664,10.166666666666666,193.33333333333334
2018-04-22 18:00:00,34.33333333333333,33.35,6.0,235.0
2018-04-23 00:00:00,22.833333333333332,29.45,9.666666666666666,240.0
2018-04-23 06:00:00,27.0,31.166666666666668,17.833333333333332,244.16666666666666
2018-04-23 12:00:00,30.333333333333332,38.6,11.5,235.0
2018-04-23 18:00:00,44.166666666666664,34.449999999999996,10.0,248.33333333333334
2018-04-24 00:00:00,22.83333333333333,29.766666666666666,12.833333333333334,220.0
2018-04-24 06:00:00,34.0,31.583333333333332,14.166666666666666,199.16666666666666
2018-04-24 12:00:00,29.166666666666668,37.65,15.5,194.16666666666666
2018-04-24 18:00:00,27.0,33.833333333333336,11.0,228.33333333333334
2018-04-25 00:00:00,16.833333333333332,29.55,10.5,215.0
2018-04-25 06:00:00,12.333333333333334,31.266666666666666,11.333333333333334,232.5
2018-04-25 12:00:00,42.833333333333336,37.61666666666667,11.166666666666666,207.5
2018-04-25 18:00:00,40.833333333333336,33.95,9.333333333333334,202.5
2018-04-26 00:00:00,19.499999999999996,29.900000000000002,19.666666666666668,190.83333333333334
2018-04-26 06:00:00,36.333333333333336,30.933333333333334,17.166666666666668,179.16666666666666
2018-04-26 12:00:00,38.166666666666664,35.86666666666667,13.833333333333334,173.33333333333334
2018-04-26 18:00:00,30.333333333333332,32.5,8.0,119.16666666666667
2018-04-27 00:00:00,19.333333333333332,29.133333333333336,11.333333333333334,75.83333333333333
2018-04-27 06:00:00,35.833333333333336,31.066666666666663,16.333333333333332,109.16666666666667
2018-04-27 12:00:00,19.333333333333332,35.916666666666664,10.5,96.66666666666667
2018-04-27 18:00:00,33.5,32.449999999999996,16.333333333333332,93.33333333333333
2018-04-28 00:00:00,27.333333333333332,28.666666666666668,24.166666666666668,101.66666666666667
2018-04-28 06:00:00,9.944444444444445,27.866666666666664,18.166666666666668,113.33333333333333
2018-04-28 12:00:00,10.555555555555555,27.166666666666668,17.5,169.16666666666666
2018-04-28 18:00:00,11.83333333333333,26.533333333333335,26.833333333333332,179.16666666666666
2018-04-29 00:00:00,40.5,24.883333333333336,24.5,185.0
2018-04-29 06:00:00,29.666666666666668,25.983333333333334,27.0,189.16666666666666
2018-04-29 12:00:00,18.166666666666668,32.016666666666666,21.333333333333332,198.33333333333334
2018-04-29 18:00:00,22.0,30.066666666666666,20.333333333333332,198.33333333333334
2018-04-30 00:00:00,9.300265496885169,27.016666666666666,19.833333333333332,191.66666666666666
2018-04-30 06:00:00,35.166666666666664,28.400000000000002,15.166666666666666,181.66666666666666
2018-04-30 12:00:00,14.666666666666666,32.166666666666664,18.166666666666668,172.5
2018-04-30 18:00:00,24.333333333333332,28.51666666666667,21.666666666666668,180.83333333333334
2018-05-01 00:00:00,16.333333333333332,25.96666666666667,13.333333333333334,94.16666666666667
2018-05-01 06:00:00,11.833333333333334,27.416666666666668,12.666666666666666,82.5
2018-05-01 12:00:00,6.333333333333333,32.46666666666667,10.5,107.5
2018-05-01 18:00:00,15.966932163551833,29.0,8.5,132.5
2018-05-02 00:00:00,6.034395320874008,26.650000000000002,5.166666666666667,215.83333333333334
2018-05-02 06:00:00,23.83333333333334,28.766666666666666,6.333333333333333,55.0
2018-05-02 12:00:00,21.5,33.266666666666666,10.5,44.166666666666664
2018-05-02 18:00:00,27.166666666666668,30.766666666666666,12.333333333333334,120.0
2018-05-03 00:00:00,37.49999999999999,27.933333333333334,6.666666666666667,285.0
2018-05-03 06:00:00,29.166666666666668,29.599999999999998,8.5,102.5
2018-05-03 12:00:00,9.833333333333334,34.96666666666667,5.5,88.33333333333333
2018-05-03 18:00:00,34.666666666666664,31.416666666666668,4.5,115.0
2018-05-04 00:00:00,32.833333333333336,28.266666666666666,7.833333333333333,127.5
2018-05-04 06:00:00,41.833333333333336,29.900000000000002,7.666666666666667,180.83333333333334
2018-05-04 12:00:00,20.666666666666668,35.38333333333333,7.5,192.5
2018-05-04 18:00:00,30.166666666666668,31.583333333333332,8.166666666666666,223.33333333333334
2018-05-05 00:00:00,8.133598830218501,28.583333333333332,11.5,184.16666666666666
2018-05-05 06:00:00,29.666666666666668,29.883333333333336,13.166666666666666,164.16666666666666
2018-05-05 12:00:00,16.666666666666664,34.233333333333334,13.0,188.33333333333334
2018-05-05 18:00:00,25.666666666666668,31.683333333333334,12.833333333333334,202.5
2018-05-06 00:00:00,28.166666666666668,28.400000000000002,25.333333333333332,245.83333333333334
2018-05-06 06:00:00,23.5,29.983333333333334,21.5,260.8333333333333
2018-05-06 12:00:00,13.833333333333334,34.9,19.666666666666668,253.33333333333334
2018-05-06 18:00:00,18.833333333333332,31.900000000000002,24.833333333333332,232.5
2018-05-07 00:00:00,5.93386432710367,28.833333333333332,38.166666666666664,254.16666666666666
2018-05-07 06:00:00,22.166666666666668,30.366666666666664,40.833333333333336,261.6666666666667
2018-05-07 12:00:00,22.166666666666668,36.71666666666667,32.5,252.5
2018-05-07 18:00:00,30.833333333333332,33.11666666666667,31.5,260.8333333333333
2018-05-08 00:00:00,9.833333333333334,28.966666666666665,37.666666666666664,258.3333333333333
2018-05-08 06:00:00,18.833333333333332,30.683333333333334,40.0,260.8333333333333
2018-05-08 12:00:00,30.0,36.28333333333333,34.666666666666664,256.6666666666667
2018-05-08 18:00:00,47.0,32.733333333333334,33.833333333333336,265.8333333333333
2018-05-09 00:00:00,28.333333333333332,28.633333333333336,32.833333333333336,252.5
2018-05-09 06:00:00,20.666666666666668,30.55,32.166666666666664,272.5
2018-05-09 12:00:00,13.0,36.81666666666667,37.166666666666664,277.5
2018-05-09 18:00:00,24.833333333333332,33.26666666666667,42.166666666666664,283.3333333333333
2018-05-10 00:00:00,29.666666666666668,29.150000000000002,42.0,117.5
2018-05-10 06:00:00,25.666666666666668,30.816666666666663,40.0,84.16666666666667
2018-05-10 12:00:00,22.666666666666668,37.1,31.666666666666668,84.16666666666667
2018-05-10 18:00:00,23.0,32.93333333333333,30.5,85.0
2018-05-11 00:00:00,9.0,28.916666666666668,10.666666666666666,84.16666666666667
2018-05-11 06:00:00,23.333333333333332,30.53333333333333,12.166666666666666,55.833333333333336
2018-05-11 12:00:00,11.5,34.516666666666666,14.833333333333334,69.16666666666667
2018-05-11 18:00:00,13.499999999999998,30.066666666666666,19.333333333333332,70.83333333333333
2018-05-12 00:00:00,20.166666666666668,27.383333333333336,25.0,78.33333333333333
2018-05-12 06:00:00,32.666666666666664,29.366666666666664,16.666666666666668,91.66666666666667
2018-05-12 12:00:00,9.166666666666666,35.68333333333333,13.833333333333334,79.16666666666667
2018-05-12 18:00:00,31.333333333333332,32.11666666666667,14.166666666666666,85.0
2018-05-13 00:00:00,30.833333333333332,28.05,13.5,149.16666666666666
2018-05-13 06:00:00,35.166666666666664,29.95,9.0,158.33333333333334
2018-05-13 12:00:00,19.0,36.766666666666666,4.0,151.66666666666666
2018-05-13 18:00:00,25.16666666666666,32.86666666666667,5.0,130.83333333333334
2018-05-14 00:00:00,23.833333333333332,28.599999999999998,9.166666666666666,165.83333333333334
2018-05-14 06:00:00,33.333333333333336,30.53333333333333,6.0,226.66666666666666
2018-05-14 12:00:00,17.166666666666668,36.4,2.6666666666666665,175.0
2018-05-14 18:00:00,25.833333333333332,33.233333333333334,6.666666666666667,195.83333333333334
2018-05-15 00:00:00,19.0,29.2,5.166666666666667,193.33333333333334
2018-05-15 06:00:00,36.49999999999999,30.650000000000002,12.333333333333334,161.66666666666666
2018-05-15 12:00:00,21.5,35.733333333333334,10.166666666666666,180.0
2018-05-15 18:00:00,33.0,32.800000000000004,10.5,195.83333333333334
2018-05-16 00:00:00,31.333333333333332,28.3,11.833333333333334,217.5
2018-05-16 06:00:00,39.666666666666664,30.51666666666667,13.5,211.66666666666666
2018-05-16 12:00:00,30.5,36.583333333333336,10.666666666666666,212.5
2018-05-16 18:00:00,46.0,32.833333333333336,9.333333333333334,224.16666666666666
2018-05-17 00:00:00,23.0,28.650000000000002,4.833333333333333,200.0
2018-05-17 06:00:00,32.166666666666664,30.96666666666667,10.833333333333334,187.5
2018-05-17 12:00:00,15.499999999999998,36.050000000000004,10.333333333333334,209.16666666666666
2018-05-17 18:00:00,26.0,31.883333333333336,8.5,229.16666666666666
2018-05-18 00:00:00,26.5,28.066666666666666,5.666666666666667,201.66666666666666
2018-05-18 06:00:00,32.833333333333336,30.066666666666666,12.666666666666666,160.83333333333334
2018-05-18 12:00:00,15.5,35.516666666666666,10.5,183.33333333333334
2018-05-18 18:00:00,28.500000000000004,31.766666666666666,8.666666666666666,194.16666666666666
2018-05-19 00:00:00,29.16666666666667,27.96666666666667,6.0,212.5
2018-05-19 06:00:00,38.166666666666664,30.066666666666666,5.5,187.5
2018-05-19 12:00:00,13.499999999999998,35.75,7.166666666666667,195.83333333333334
2018-05-19 18:00:00,19.0,32.416666666666664,7.0,223.33333333333334
2018-05-20 00:00:00,28.666666666666668,28.650000000000002,5.833333333333333,237.5
2018-05-20 06:00:00,30.833333333333332,30.599999999999998,4.166666666666667,161.66666666666666
2018-05-20 12:00:00,20.333333333333332,36.36666666666667,5.666666666666667,191.66666666666666
2018-05-20 18:00:00,15.833333333333334,32.68333333333333,3.0,171.66666666666666
2018-05-21 00:00:00,30.833333333333332,28.95,2.5,137.5
2018-05-21 06:00:00,25.833333333333332,30.849999999999998,5.666666666666667,132.5
2018-05-21 12:00:00,18.166666666666668,36.76666666666667,8.833333333333334,135.83333333333334
2018-05-21 18:00:00,15.0,32.21666666666666,7.0,133.33333333333334
2018-05-22 00:00:00,17.300265496885167,28.316666666666666,10.333333333333334,129.16666666666666
2018-05-22 06:00:00,39.5,29.8,9.833333333333334,128.33333333333334
2018-05-22 12:00:00,27.333333333333332,34.25,7.833333333333333,105.83333333333333
2018-05-22 18:00:00,25.333333333333332,30.25,10.5,80.0
2018-05-23 00:00:00,25.5,27.233333333333334,15.166666666666666,90.0
2018-05-23 06:00:00,35.333333333333336,29.95,12.333333333333334,120.83333333333333
2018-05-23 12:00:00,19.333333333333332,36.15,3.3333333333333335,130.0
2018-05-23 18:00:00,23.166666666666668,32.333333333333336,6.333333333333333,156.66666666666666
2018-05-24 00:00:00,22.833333333333332,28.416666666666668,6.833333333333333,182.5
2018-05-24 06:00:00,19.6335988302185,30.0,10.333333333333334,198.33333333333334
2018-05-24 12:00:00,10.23412982398884,34.9,16.5,195.0
2018-05-24 18:00:00,18.833333333333332,30.983333333333334,20.0,208.33333333333334
2018-05-25 00:00:00,16.166666666666668,27.433333333333334,21.666666666666668,220.83333333333334
2018-05-25 06:00:00,17.499999999999996,29.316666666666666,21.0,205.83333333333334
2018-05-25 12:00:00,7.083333333333333,34.85,15.666666666666666,205.83333333333334
2018-05-25 18:00:00,29.166666666666668,31.28333333333333,15.0,215.83333333333334
2018-05-26 00:00:00,30.666666666666668,27.38333333333333,11.5,234.16666666666666
2018-05-26 06:00:00,18.666666666666668,29.549999999999997,15.0,212.5
2018-05-26 12:00:00,30.166666666666668,33.666666666666664,16.0,203.33333333333334
2018-05-26 18:00:00,10.300265496885167,29.96666666666667,21.166666666666668,205.83333333333334
2018-05-27 00:00:00,9.633598830218501,27.099999999999998,16.666666666666668,218.33333333333334
2018-05-27 06:00:00,32.33333333333333,29.666666666666668,16.333333333333332,212.5
2018-05-27 12:00:00,6.166666666666667,34.63333333333333,15.0,185.0
2018-05-27 18:00:00,12.333333333333334,29.900000000000002,22.333333333333332,190.0
2018-05-28 00:00:00,11.33333333333333,25.900000000000002,22.833333333333332,230.83333333333334
2018-05-28 06:00:00,23.0,28.583333333333332,21.166666666666668,243.33333333333334
2018-05-28 12:00:00,20.833333333333332,35.48333333333333,11.666666666666666,240.83333333333334
2018-05-28 18:00:00,29.166666666666668,31.78333333333333,10.166666666666666,150.0
2018-05-29 00:00:00,22.0,27.7,13.0,163.33333333333334
2018-05-29 06:00:00,23.333333333333332,29.53333333333333,18.833333333333332,159.16666666666666
2018-05-29 12:00:00,19.833333333333332,34.1,24.333333333333332,167.5
2018-05-29 18:00:00,16.999999999999996,31.366666666666664,27.5,185.0
2018-05-30 00:00:00,10.716932163551833,28.28333333333333,25.0,191.66666666666666
2018-05-30 06:00:00,24.499999999999996,30.05,22.333333333333332,175.83333333333334
2018-05-30 12:00:00,12.5,34.46666666666667,20.666666666666668,195.0
2018-05-30 18:00:00,21.833333333333332,30.333333333333332,19.333333333333332,212.5
2018-05-31 00:00:00,20.166666666666664,27.366666666666664,7.833333333333333,203.33333333333334
2018-05-31 06:00:00,34.0,29.45,8.0,182.5
2018-05-31 12:00:00,18.133598830218503,34.88333333333333,6.333333333333333,188.33333333333334
2018-05-31 18:00:00,34.166666666666664,31.099999999999998,6.333333333333333,208.33333333333334
2018-06-01 00:00:00,23.833333333333332,27.900000000000002,11.333333333333334,139.16666666666666
2018-06-01 06:00:00,17.833333333333332,29.75,8.666666666666666,104.16666666666667
2018-06-01 12:00:00,23.916666666666668,34.71666666666667,5.666666666666667,129.16666666666666
2018-06-01 18:00:00,39.833333333333336,30.86666666666667,6.166666666666667,115.83333333333333
2018-06-02 00:00:00,38.83333333333332,27.53333333333333,10.833333333333334,212.5
2018-06-02 06:00:00,37.5,29.883333333333336,7.5,300.0
2018-06-02 12:00:00,16.666666666666664,35.2,4.833333333333333,250.83333333333334
2018-06-02 18:00:00,25.30026549688517,31.55,9.333333333333334,188.33333333333334
2018-06-03 00:00:00,19.166666666666668,27.63333333333333,6.666666666666667,303.3333333333333
2018-06-03 06:00:00,17.0,29.183333333333334,2.3333333333333335,140.83333333333334
2018-06-03 12:00:00,12.0,35.11666666666667,3.8333333333333335,113.33333333333333
2018-06-03 18:00:00,30.0,32.666666666666664,8.0,105.83333333333333
2018-06-04 00:00:00,13.333333333333334,28.61666666666667,6.5,197.5
2018-06-04 06:00:00,24.166666666666668,30.416666666666668,5.5,239.16666666666666
2018-06-04 12:00:00,10.0,35.766666666666666,2.5,225.0
2018-06-04 18:00:00,28.166666666666668,31.566666666666666,2.0,88.33333333333333
2018-06-05 00:00:00,16.999999999999996,27.8,7.5,235.83333333333334
2018-06-05 06:00:00,17.166666666666668,29.0,8.5,216.66666666666666
2018-06-05 12:00:00,14.833333333333334,31.849999999999998,13.166666666666666,217.5
2018-06-05 18:00:00,22.5,29.650000000000002,24.833333333333332,250.83333333333334
2018-06-06 00:00:00,22.5,26.683333333333334,31.5,270.8333333333333
2018-06-06 06:00:00,18.0,29.28333333333333,31.5,276.6666666666667
2018-06-06 12:00:00,12.666666666666666,35.550000000000004,23.833333333333332,259.1666666666667
2018-06-06 18:00:00,17.0,29.55,29.0,275.8333333333333
2018-06-07 00:00:00,17.666666666666668,26.28333333333333,44.166666666666664,263.3333333333333
2018-06-07 06:00:00,24.83333333333334,28.983333333333334,41.333333333333336,267.5
2018-06-07 12:00:00,2.801592981311012,32.949999999999996,48.333333333333336,263.3333333333333
2018-06-07 18:00:00,5.93386432710367,28.933333333333334,45.333333333333336,259.1666666666667
2018-06-08 00:00:00,15.999999999999998,26.0,40.166666666666664,262.5
2018-06-08 06:00:00,15.666666666666666,28.349999999999998,38.166666666666664,260.8333333333333
2018-06-08 12:00:00,12.833333333333334,29.833333333333332,35.0,258.3333333333333
2018-06-08 18:00:00,11.999999999999998,27.083333333333332,36.666666666666664,263.3333333333333
2018-06-09 00:00:00,8.5,25.933333333333334,40.333333333333336,290.0
2018-06-09 06:00:00,10.833333333333334,27.316666666666666,34.666666666666664,299.1666666666667
2018-06-09 12:00:00,5.400796490655506,30.03333333333333,28.666666666666668,296.6666666666667
2018-06-09 18:00:00,11.166666666666666,27.066666666666666,28.166666666666668,275.8333333333333
2018-06-10 00:00:00,14.5,25.46666666666667,24.166666666666668,120.0
2018-06-10 06:00:00,15.999999999999998,27.866666666666664,23.333333333333332,100.83333333333333
2018-06-10 12:00:00,7.966932163551835,32.81666666666667,22.0,92.5
2018-06-10 18:00:00,14.333333333333334,28.28333333333333,22.5,85.0
2018-06-11 00:00:00,6.166666666666667,26.349999999999998,19.333333333333332,67.5
2018-06-11 06:00:00,17.0,28.733333333333334,24.666666666666668,50.0
2018-06-11 12:00:00,9.633598830218501,32.233333333333334,30.666666666666668,71.66666666666667
2018-06-11 18:00:00,8.300265496885169,28.599999999999998,34.666666666666664,75.0
2018-06-12 00:00:00,11.333333333333334,26.400000000000002,18.333333333333332,64.16666666666667
2018-06-12 06:00:00,10.333333333333334,28.55,16.166666666666668,76.66666666666667
2018-06-12 12:00:00,6.600530993770337,32.63333333333333,14.833333333333334,86.66666666666667
2018-06-12 18:00:00,17.5,28.833333333333332,19.0,90.0
2018-06-13 00:00:00,11.0,26.75,59.833333333333336,220.83333333333334
2018-06-13 06:00:00,14.5,28.866666666666664,65.16666666666667,245.83333333333334
2018-06-13 12:00:00,11.5,32.78333333333334,45.333333333333336,242.5
2018-06-13 18:00:00,16.000000000000004,29.03333333333333,51.333333333333336,246.66666666666666
2018-06-14 00:00:00,32.333333333333336,26.183333333333334,52.166666666666664,253.33333333333334
2018-06-14 06:00:00,21.166666666666668,28.316666666666666,59.833333333333336,260.0
2018-06-14 12:00:00,15.5,33.699999999999996,42.0,250.0
2018-06-14 18:00:00,12.166666666666666,30.400000000000002,42.333333333333336,252.5
2018-06-15 00:00:00,14.166666666666666,27.0,54.833333333333336,261.6666666666667
2018-06-15 06:00:00,15.333333333333334,28.73333333333333,53.166666666666664,259.1666666666667
2018-06-15 12:00:00,5.466932163551836,33.733333333333334,43.333333333333336,255.0
2018-06-15 18:00:00,18.666666666666668,29.516666666666666,46.333333333333336,260.8333333333333
2018-06-16 00:00:00,13.333333333333334,26.616666666666664,51.666666666666664,268.3333333333333
2018-06-16 06:00:00,19.666666666666668,28.799999999999997,52.0,265.0
2018-06-16 12:00:00,10.666666666666664,31.433333333333334,41.833333333333336,264.1666666666667
2018-06-16 18:00:00,20.499999999999996,27.933333333333334,40.5,271.6666666666667
2018-06-17 00:00:00,11.666666666666666,26.21666666666667,41.166666666666664,265.0
2018-06-17 06:00:00,12.0,27.883333333333336,31.666666666666668,263.3333333333333
2018-06-17 12:00:00,18.500000000000004,32.88333333333333,33.0,270.0
2018-06-17 18:00:00,18.5,29.900000000000002,31.666666666666668,264.1666666666667
2018-06-18 00:00:00,23.666666666666668,26.3,32.166666666666664,273.3333333333333
2018-06-18 06:00:00,16.333333333333332,28.05,30.0,272.5
2018-06-18 12:00:00,10.833333333333334,33.15,21.333333333333332,236.66666666666666
2018-06-18 18:00:00,16.633598830218503,29.149999999999995,28.5,240.83333333333334
2018-06-19 00:00:00,8.333333333333332,26.53333333333333,45.5,257.5
2018-06-19 06:00:00,22.166666666666668,27.983333333333334,50.166666666666664,263.3333333333333
2018-06-19 12:00:00,4.392197660437004,33.4,34.333333333333336,242.5
2018-06-19 18:00:00,19.333333333333336,29.633333333333336,36.166666666666664,234.16666666666666
2018-06-20 00:00:00,15.833333333333334,26.78333333333333,36.666666666666664,230.0
2018-06-20 06:00:00,20.166666666666668,28.416666666666668,35.666666666666664,230.0
2018-06-20 12:00:00,34.83333333333333,33.0,30.833333333333332,235.83333333333334
2018-06-20 18:00:00,22.5,28.05,38.833333333333336,250.83333333333334
2018-06-21 00:00:00,18.333333333333332,26.46666666666667,45.166666666666664,255.0
2018-06-21 06:00:00,11.300265496885169,28.383333333333336,43.0,255.0
2018-06-21 12:00:00,20.499999999999996,33.06666666666666,31.833333333333332,250.83333333333334
2018-06-21 18:00:00,12.25,29.25,35.0,258.3333333333333
2018-06-22 00:00:00,11.833333333333334,26.46666666666667,37.0,261.6666666666667
2018-06-22 06:00:00,29.5,28.083333333333332,33.5,260.8333333333333
2018-06-22 12:00:00,25.0,33.483333333333334,27.333333333333332,256.6666666666667
2018-06-22 18:00:00,32.333333333333336,30.483333333333334,31.0,250.83333333333334
2018-06-23 00:00:00,28.5,26.683333333333334,28.166666666666668,259.1666666666667
2018-06-23 06:00:00,20.5,28.099999999999998,31.833333333333332,262.5
2018-06-23 12:00:00,23.333333333333332,34.1,25.666666666666668,261.6666666666667
2018-06-23 18:00:00,24.166666666666668,30.783333333333335,28.166666666666668,253.33333333333334
2018-06-24 00:00:00,20.166666666666668,26.416666666666668,31.666666666666668,255.83333333333334
2018-06-24 06:00:00,24.000000000000004,27.78333333333333,35.666666666666664,268.3333333333333
2018-06-24 12:00:00,14.5,33.18333333333333,26.166666666666668,259.1666666666667
2018-06-24 18:00:00,25.33333333333333,29.133333333333336,30.833333333333332,249.16666666666666
2018-06-25 00:00:00,21.0,26.150000000000002,27.333333333333332,255.0
2018-06-25 06:00:00,20.833333333333332,26.96666666666667,28.833333333333332,257.5
2018-06-25 12:00:00,19.250000000000004,29.933333333333337,26.5,260.8333333333333
2018-06-25 18:00:00,26.500000000000004,27.3,26.333333333333332,255.83333333333334
2018-06-26 00:00:00,33.5,25.116666666666664,26.666666666666668,244.16666666666666
2018-06-26 06:00:00,28.333333333333332,27.366666666666664,25.833333333333332,238.33333333333334
2018-06-26 12:00:00,21.666666666666668,32.31666666666667,18.833333333333332,223.33333333333334
2018-06-26 18:00:00,22.0,27.78333333333333,23.166666666666668,216.66666666666666
2018-06-27 00:00:00,8.800265496885169,25.349999999999998,25.166666666666668,203.33333333333334
2018-06-27 06:00:00,32.5,26.96666666666667,21.666666666666668,199.16666666666666
2018-06-27 12:00:00,21.166666666666668,30.88333333333333,20.333333333333332,179.16666666666666
2018-06-27 18:00:00,14.0,26.583333333333332,19.666666666666668,191.66666666666666
2018-06-28 00:00:00,30.0,25.066666666666666,16.833333333333332,191.66666666666666
2018-06-28 06:00:00,28.833333333333332,26.400000000000002,16.5,188.33333333333334
2018-06-28 12:00:00,12.083333333333334,31.76666666666667,11.833333333333334,210.83333333333334
2018-06-28 18:00:00,23.666666666666668,28.233333333333334,13.333333333333334,230.0
2018-06-29 00:00:00,16.166666666666668,25.650000000000002,16.666666666666668,248.33333333333334
2018-06-29 06:00:00,24.333333333333332,26.45,18.166666666666668,252.5
2018-06-29 12:00:00,9.499999999999998,32.61666666666667,15.666666666666666,240.83333333333334
2018-06-29 18:00:00,28.583333333333332,29.066666666666666,21.5,249.16666666666666
2018-06-30 00:00:00,7.68386432710367,26.46666666666667,26.0,249.16666666666666
2018-06-30 06:00:00,13.333333333333334,28.13333333333333,26.166666666666668,240.83333333333334
2018-06-30 12:00:00,19.166666666666668,33.86666666666667,22.5,227.5
2018-06-30 18:00:00,17.250000000000004,30.0,23.833333333333332,228.33333333333334
2018-07-01 00:00:00,7.8835988302185,26.816666666666666,7.0,96.66666666666667
2018-07-01 06:00:00,19.833333333333332,28.3,12.5,135.0
2018-07-01 12:00:00,8.466932163551835,33.333333333333336,16.0,185.0
2018-07-01 18:00:00,14.633598830218501,30.133333333333336,13.0,193.33333333333334
2018-07-02 00:00:00,15.0,26.683333333333334,13.166666666666666,255.83333333333334
2018-07-02 06:00:00,15.666666666666666,28.5,14.833333333333334,265.0
2018-07-02 12:00:00,12.999999999999998,33.300000000000004,5.666666666666667,279.1666666666667
2018-07-02 18:00:00,10.083333333333334,29.5,5.166666666666667,206.66666666666666
2018-07-03 00:00:00,7.833333333333335,25.75,9.0,133.33333333333334
2018-07-03 06:00:00,8.333333333333334,27.78333333333333,8.666666666666666,112.5
2018-07-03 12:00:00,13.499999999999998,33.449999999999996,4.833333333333333,145.83333333333334
2018-07-03 18:00:00,11.166666666666666,29.88333333333333,6.333333333333333,94.16666666666667
2018-07-04 00:00:00,16.466932163551835,25.616666666666664,16.833333333333332,76.66666666666667
2018-07-04 06:00:00,18.166666666666668,27.900000000000002,29.166666666666668,93.33333333333333
2018-07-04 12:00:00,11.300265496885169,33.48333333333333,28.0,105.83333333333333
2018-07-04 18:00:00,14.583333333333334,29.716666666666665,43.833333333333336,114.16666666666667
2018-07-05 00:00:00,19.166666666666668,26.099999999999998,28.166666666666668,219.16666666666666
2018-07-05 06:00:00,13.500000000000002,27.883333333333336,26.5,240.83333333333334
2018-07-05 12:00:00,9.333333333333334,33.916666666666664,19.5,244.16666666666666
2018-07-05 18:00:00,13.133598830218501,29.650000000000002,18.166666666666668,259.1666666666667
2018-07-06 00:00:00,13.466932163551837,26.150000000000002,37.5,263.3333333333333
2018-07-06 06:00:00,12.133598830218503,27.916666666666668,52.166666666666664,261.6666666666667
2018-07-06 12:00:00,13.93386432710367,31.03333333333333,47.833333333333336,264.1666666666667
2018-07-06 18:00:00,10.716932163551833,28.366666666666664,45.0,265.0
2018-07-07 00:00:00,7.883598830218502,25.816666666666666,47.333333333333336,277.5
2018-07-07 06:00:00,12.874999999999998,27.599999999999998,49.0,275.8333333333333
2018-07-07 12:00:00,16.541666666666668,32.31666666666667,42.5,275.8333333333333
2018-07-07 18:00:00,15.0,29.2,42.833333333333336,279.1666666666667
2018-07-08 00:00:00,20.5,25.683333333333334,34.166666666666664,265.0
2018-07-08 06:00:00,29.666666666666668,27.28333333333333,23.833333333333332,258.3333333333333
2018-07-08 12:00:00,26.166666666666668,32.86666666666667,21.833333333333332,261.6666666666667
2018-07-08 18:00:00,20.999999999999996,29.71666666666667,33.833333333333336,268.3333333333333
2018-07-09 00:00:00,9.666666666666666,27.0,21.833333333333332,280.0
2018-07-09 06:00:00,31.0,26.650000000000002,20.0,305.0
2018-07-09 12:00:00,31.33333333333333,29.55,15.666666666666666,330.8333333333333
2018-07-09 18:00:00,5.916666666666667,27.316666666666666,16.0,325.8333333333333
2018-07-10 00:00:00,24.633598830218503,25.116666666666664,20.0,139.16666666666666
2018-07-10 06:00:00,22.0,25.816666666666666,21.166666666666668,101.66666666666667
2018-07-10 12:00:00,15.666666666666666,28.900000000000002,17.166666666666668,97.5
2018-07-10 18:00:00,14.133598830218501,26.650000000000002,21.833333333333332,87.5
2018-07-11 00:00:00,5.800530993770337,24.71666666666667,33.666666666666664,78.33333333333333
2018-07-11 06:00:00,14.300265496885167,24.8,28.0,72.5
2018-07-11 12:00:00,7.636363636363637,29.483333333333334,29.5,72.5
2018-07-11 18:00:00,4.363636363636364,26.46666666666667,42.833333333333336,70.0
2018-07-12 00:00:00,7.833333333333333,24.833333333333332,26.666666666666668,74.16666666666667
2018-07-12 06:00:00,22.0,26.583333333333332,22.833333333333332,80.0
2018-07-12 12:00:00,7.30026549688517,31.266666666666666,18.666666666666668,97.5
2018-07-12 18:00:00,15.666666666666666,26.53333333333333,19.5,107.5
2018-07-13 00:00:00,8.166666666666668,25.03333333333333,44.333333333333336,248.33333333333334
2018-07-13 06:00:00,11.166666666666666,25.650000000000002,45.333333333333336,272.5
2018-07-13 12:00:00,7.833333333333333,30.28333333333333,39.0,275.0
2018-07-13 18:00:00,15.499999999999998,26.849999999999998,44.833333333333336,274.1666666666667
2018-07-14 00:00:00,15.5,25.116666666666664,49.666666666666664,271.6666666666667
2018-07-14 06:00:00,23.0,24.983333333333334,49.5,270.8333333333333
2018-07-14 12:00:00,8.833333333333334,29.46666666666667,44.5,275.0
2018-07-14 18:00:00,14.666666666666664,26.533333333333335,43.666666666666664,262.5
2018-07-15 00:00:00,19.833333333333332,24.933333333333334,56.0,255.0
2018-07-15 06:00:00,18.0,25.650000000000002,60.0,259.1666666666667
2018-07-15 12:00:00,7.833333333333333,29.183333333333334,60.833333333333336,264.1666666666667
2018-07-15 18:00:00,12.0,26.650000000000002,56.0,267.5
2018-07-16 00:00:00,12.833333333333334,24.7,60.833333333333336,265.0
2018-07-16 06:00:00,23.666666666666668,24.583333333333332,62.5,269.1666666666667
2018-07-16 12:00:00,14.333333333333334,25.599999999999998,57.5,278.3333333333333
2018-07-16 18:00:00,11.333333333333334,24.96666666666667,54.666666666666664,288.3333333333333
2018-07-17 00:00:00,7.666666666666667,24.25,57.166666666666664,284.1666666666667
2018-07-17 06:00:00,10.833333333333334,24.133333333333336,58.5,280.8333333333333
2018-07-17 12:00:00,9.333333333333334,25.45,56.666666666666664,309.1666666666667
2018-07-17 18:00:00,12.166666666666666,24.849999999999998,48.5,304.1666666666667
2018-07-18 00:00:00,11.166666666666666,24.400000000000002,39.5,295.0
2018-07-18 06:00:00,11.666666666666666,26.3,22.0,287.5
2018-07-18 12:00:00,11.166666666666666,29.55,26.833333333333332,270.8333333333333
2018-07-18 18:00:00,11.5,26.916666666666668,41.833333333333336,266.6666666666667
2018-07-19 00:00:00,14.999999999999998,24.7,56.5,258.3333333333333
2018-07-19 06:00:00,17.166666666666668,26.816666666666666,63.0,250.0
2018-07-19 12:00:00,14.666666666666664,30.849999999999998,42.833333333333336,259.1666666666667
2018-07-19 18:00:00,20.0,26.95,50.833333333333336,255.0
2018-07-20 00:00:00,4.567463157322172,25.38333333333333,56.166666666666664,250.83333333333334
2018-07-20 06:00:00,11.5,27.21666666666667,58.166666666666664,247.5
2018-07-20 12:00:00,21.833333333333332,30.78333333333333,49.166666666666664,251.66666666666666
2018-07-20 18:00:00,23.666666666666668,27.150000000000002,47.666666666666664,263.3333333333333
2018-07-21 00:00:00,12.166666666666666,25.683333333333334,47.666666666666664,260.0
2018-07-21 06:00:00,26.666666666666668,27.549999999999997,52.333333333333336,271.6666666666667
2018-07-21 12:00:00,16.499999999999996,31.316666666666663,42.166666666666664,265.8333333333333
2018-07-21 18:00:00,22.833333333333332,27.416666666666668,45.5,269.1666666666667
2018-07-22 00:00:00,15.83333333333333,25.766666666666666,49.666666666666664,271.6666666666667
2018-07-22 06:00:00,23.333333333333332,26.816666666666666,50.666666666666664,280.8333333333333
2018-07-22 12:00:00,13.833333333333334,30.75,48.166666666666664,279.1666666666667
2018-07-22 18:00:00,21.166666666666668,27.766666666666666,45.833333333333336,270.8333333333333
2018-07-23 00:00:00,14.0,25.5,53.333333333333336,271.6666666666667
2018-07-23 06:00:00,26.166666666666668,26.733333333333334,52.666666666666664,276.6666666666667
2018-07-23 12:00:00,15.0,31.366666666666664,41.5,280.8333333333333
2018-07-23 18:00:00,21.5,28.400000000000002,48.0,268.3333333333333
2018-07-24 00:00:00,14.0,25.8,55.333333333333336,271.6666666666667
2018-07-24 06:00:00,18.166666666666668,27.28333333333333,51.333333333333336,279.1666666666667
2018-07-24 12:00:00,15.166666666666664,31.78333333333333,44.5,280.8333333333333
2018-07-24 18:00:00,16.499999999999996,28.433333333333334,52.333333333333336,280.8333333333333
2018-07-25 00:00:00,17.333333333333332,26.166666666666668,50.0,279.1666666666667
2018-07-25 06:00:00,21.333333333333332,26.5,47.666666666666664,275.0
2018-07-25 12:00:00,25.0,30.016666666666666,40.666666666666664,271.6666666666667
2018-07-25 18:00:00,18.833333333333332,27.45,42.5,264.1666666666667
2018-07-26 00:00:00,15.0,25.483333333333334,46.5,270.0
2018-07-26 06:00:00,19.0,26.433333333333334,54.166666666666664,271.6666666666667
2018-07-26 12:00:00,18.166666666666668,30.433333333333334,47.166666666666664,275.0
2018-07-26 18:00:00,20.833333333333332,27.583333333333332,37.166666666666664,270.8333333333333
2018-07-27 00:00:00,13.499999999999998,25.566666666666666,48.0,267.5
2018-07-27 06:00:00,22.333333333333332,26.11666666666667,51.666666666666664,271.6666666666667
2018-07-27 12:00:00,20.333333333333332,30.650000000000002,41.0,271.6666666666667
2018-07-27 18:00:00,23.0,28.03333333333333,36.666666666666664,262.5
2018-07-28 00:00:00,12.0,25.866666666666664,38.166666666666664,269.1666666666667
2018-07-28 06:00:00,15.999999999999998,27.266666666666666,45.0,271.6666666666667
2018-07-28 12:00:00,22.333333333333332,32.38333333333333,39.0,265.0
2018-07-28 18:00:00,22.166666666666668,29.25,34.333333333333336,260.0
2018-07-29 00:00:00,6.166666666666667,26.21666666666667,33.666666666666664,261.6666666666667
2018-07-29 06:00:00,17.666666666666668,26.683333333333334,44.166666666666664,266.6666666666667
2018-07-29 12:00:00,23.0,30.2,31.833333333333332,257.5
2018-07-29 18:00:00,12.666666666666666,26.683333333333334,40.5,255.0
2018-07-30 00:00:00,6.333333333333333,25.55,41.0,259.1666666666667
2018-07-30 06:00:00,18.166666666666668,26.566666666666666,40.0,264.1666666666667
2018-07-30 12:00:00,21.166666666666668,30.71666666666667,29.5,245.83333333333334
2018-07-30 18:00:00,12.333333333333334,26.25,45.166666666666664,262.5
2018-07-31 00:00:00,11.666666666666666,24.78333333333333,51.0,255.83333333333334
2018-07-31 06:00:00,22.0,25.46666666666667,63.5,255.0
2018-07-31 12:00:00,20.166666666666668,28.28333333333333,55.666666666666664,260.8333333333333
2018-07-31 18:00:00,27.833333333333332,27.133333333333336,46.833333333333336,260.0
2018-08-01 00:00:00,15.33333333333333,25.549999999999997,21.5,188.33333333333334
2018-08-01 06:00:00,20.666666666666668,26.666666666666668,14.833333333333334,154.16666666666666
2018-08-01 12:00:00,15.499999999999998,31.7,7.333333333333333,162.5
2018-08-01 18:00:00,18.333333333333332,27.53333333333333,7.5,102.5
2018-08-02 00:00:00,16.499999999999996,24.833333333333332,4.5,198.33333333333334
2018-08-02 06:00:00,22.0,26.650000000000002,7.833333333333333,178.33333333333334
2018-08-02 12:00:00,22.0,31.05,6.833333333333333,164.16666666666666
2018-08-02 18:00:00,20.5,27.066666666666666,8.666666666666666,162.5
2018-08-03 00:00:00,7.466932163551835,24.46666666666667,13.666666666666666,95.83333333333333
2018-08-03 06:00:00,19.833333333333332,25.25,14.333333333333334,112.5
2018-08-03 12:00:00,17.333333333333332,30.066666666666666,8.333333333333334,125.0
2018-08-03 18:00:00,19.666666666666668,27.099999999999998,16.166666666666668,100.0
2018-08-04 00:00:00,15.166666666666666,24.45,33.666666666666664,94.16666666666667
2018-08-04 06:00:00,24.333333333333332,25.28333333333333,30.0,95.0
2018-08-04 12:00:00,22.5,29.96666666666667,22.333333333333332,95.83333333333333
2018-08-04 18:00:00,30.0,27.7,14.333333333333334,69.16666666666667
2018-08-05 00:00:00,20.166666666666668,25.2,16.5,220.0
2018-08-05 06:00:00,19.833333333333332,26.8,12.5,248.33333333333334
2018-08-05 12:00:00,21.666666666666668,31.033333333333335,10.0,232.5
2018-08-05 18:00:00,21.5,27.616666666666664,11.333333333333334,263.3333333333333
2018-08-06 00:00:00,6.36772865420734,25.316666666666666,35.0,275.8333333333333
2018-08-06 06:00:00,16.833333333333332,26.7,54.0,259.1666666666667
2018-08-06 12:00:00,26.333333333333332,30.566666666666666,55.166666666666664,267.5
2018-08-06 18:00:00,20.5,26.516666666666666,59.333333333333336,267.5
2018-08-07 00:00:00,5.466932163551836,25.0,48.833333333333336,285.8333333333333
2018-08-07 06:00:00,16.666666666666668,26.916666666666668,50.666666666666664,281.6666666666667
2018-08-07 12:00:00,28.333333333333332,31.3,33.0,279.1666666666667
2018-08-07 18:00:00,10.666666666666666,27.516666666666666,32.5,273.3333333333333
2018-08-08 00:00:00,12.5,25.516666666666666,40.666666666666664,281.6666666666667
2018-08-08 06:00:00,21.833333333333332,26.7,32.5,286.6666666666667
2018-08-08 12:00:00,36.303030303030305,31.650000000000002,25.166666666666668,286.6666666666667
2018-08-08 18:00:00,15.363636363636362,28.166666666666668,19.333333333333332,278.3333333333333
2018-08-09 00:00:00,11.966932163551833,24.733333333333334,13.833333333333334,228.33333333333334
2018-08-09 06:00:00,23.0,25.683333333333337,13.166666666666666,44.166666666666664
2018-08-09 12:00:00,14.33333333333333,29.733333333333334,7.166666666666667,89.16666666666667
2018-08-09 18:00:00,13.666666666666666,26.349999999999998,9.333333333333334,70.0
2018-08-10 00:00:00,13.666666666666664,24.083333333333332,16.5,95.0
2018-08-10 06:00:00,19.666666666666668,25.583333333333332,19.5,104.16666666666667
2018-08-10 12:00:00,17.833333333333332,30.683333333333334,14.666666666666666,95.0
2018-08-10 18:00:00,18.666666666666664,27.25,17.333333333333332,90.83333333333333
2018-08-11 00:00:00,11.666666666666666,24.766666666666666,31.166666666666668,82.5
2018-08-11 06:00:00,28.333333333333332,26.383333333333336,34.166666666666664,80.83333333333333
2018-08-11 12:00:00,19.499999999999996,31.133333333333336,34.0,86.66666666666667
2018-08-11 18:00:00,16.0,27.25,33.333333333333336,90.83333333333333
2018-08-12 00:00:00,9.333333333333334,25.03333333333333,25.166666666666668,109.16666666666667
2018-08-12 06:00:00,15.999999999999998,26.650000000000002,25.166666666666668,113.33333333333333
2018-08-12 12:00:00,16.833333333333332,30.233333333333334,18.0,93.33333333333333
2018-08-12 18:00:00,19.666666666666668,26.53333333333333,23.333333333333332,64.16666666666667
2018-08-13 00:00:00,18.5,24.883333333333336,54.0,223.33333333333334
2018-08-13 06:00:00,9.5,24.933333333333334,66.83333333333333,255.0
2018-08-13 12:00:00,21.333333333333332,27.78333333333333,63.5,251.66666666666666
2018-08-13 18:00:00,8.833333333333334,26.25,56.5,246.66666666666666
2018-08-14 00:00:00,11.333333333333334,24.650000000000002,62.833333333333336,255.83333333333334
2018-08-14 06:00:00,16.333333333333332,25.933333333333334,68.0,260.0
2018-08-14 12:00:00,21.333333333333332,30.55,51.166666666666664,258.3333333333333
2018-08-14 18:00:00,13.700000000000001,27.25,43.833333333333336,255.0
2018-08-15 00:00:00,6.966666666666666,24.933333333333334,50.166666666666664,252.5
2018-08-15 06:00:00,17.333333333333332,25.78333333333333,56.166666666666664,258.3333333333333
2018-08-15 12:00:00,18.666666666666664,28.033333333333335,50.666666666666664,269.1666666666667
2018-08-15 18:00:00,14.833333333333334,25.900000000000002,46.0,276.6666666666667
2018-08-16 00:00:00,12.166666666666666,24.5,47.666666666666664,268.3333333333333
2018-08-16 06:00:00,20.666666666666668,26.25,59.0,275.8333333333333
2018-08-16 12:00:00,26.5,28.116666666666664,61.666666666666664,278.3333333333333
2018-08-16 18:00:00,21.833333333333332,26.183333333333334,58.5,275.0
2018-08-17 00:00:00,12.5,24.983333333333334,57.666666666666664,275.0
2018-08-17 06:00:00,12.166666666666666,25.633333333333336,60.0,265.0
2018-08-17 12:00:00,11.333333333333334,26.28333333333333,53.0,268.3333333333333
2018-08-17 18:00:00,12.333333333333334,25.233333333333334,58.333333333333336,264.1666666666667
2018-08-18 00:00:00,9.633598830218501,24.683333333333334,58.5,257.5
2018-08-18 06:00:00,15.166666666666666,26.433333333333334,52.166666666666664,256.6666666666667
2018-08-18 12:00:00,22.333333333333332,30.316666666666666,42.0,250.83333333333334
2018-08-18 18:00:00,8.499999999999998,26.8,41.333333333333336,253.33333333333334
2018-08-19 00:00:00,4.600530993770337,24.883333333333336,39.166666666666664,248.33333333333334
2018-08-19 06:00:00,19.833333333333332,26.75,38.333333333333336,244.16666666666666
2018-08-19 12:00:00,16.833333333333332,30.95,34.166666666666664,249.16666666666666
2018-08-19 18:00:00,11.166666666666664,27.883333333333336,37.5,261.6666666666667
2018-08-20 00:00:00,3.489419882659226,25.75,41.833333333333336,254.16666666666666
2018-08-20 06:00:00,17.0,26.916666666666668,36.833333333333336,254.16666666666666
2018-08-20 12:00:00,25.833333333333332,31.333333333333332,32.333333333333336,263.3333333333333
2018-08-20 18:00:00,10.633598830218503,28.233333333333334,38.833333333333336,263.3333333333333
2018-08-21 00:00:00,6.166666666666667,25.849999999999998,38.666666666666664,270.8333333333333
2018-08-21 06:00:00,9.633598830218501,27.21666666666667,34.166666666666664,272.5
2018-08-21 12:00:00,20.166666666666668,31.266666666666666,27.666666666666668,284.1666666666667
2018-08-21 18:00:00,21.166666666666668,28.416666666666668,32.5,278.3333333333333
2018-08-22 00:00:00,12.333333333333334,25.650000000000002,31.5,279.1666666666667
2018-08-22 06:00:00,15.0,27.266666666666666,38.333333333333336,282.5
2018-08-22 12:00:00,23.333333333333332,31.150000000000002,26.5,286.6666666666667
2018-08-22 18:00:00,16.0,27.849999999999998,30.333333333333332,280.0
2018-08-23 00:00:00,13.666666666666666,26.3,35.0,265.0
2018-08-23 06:00:00,25.833333333333332,27.633333333333336,39.333333333333336,265.8333333333333
2018-08-23 12:00:00,27.666666666666668,33.21666666666667,33.166666666666664,242.5
2018-08-23 18:00:00,4.767197660437003,28.983333333333334,34.333333333333336,232.5
2018-08-24 00:00:00,14.166666666666664,25.900000000000002,33.0,250.83333333333334
2018-08-24 06:00:00,15.0,27.0,38.333333333333336,264.1666666666667
2018-08-24 12:00:00,14.0,30.900000000000002,38.5,252.5
2018-08-24 18:00:00,6.633598830218503,26.916666666666668,36.666666666666664,254.16666666666666
2018-08-25 00:00:00,11.0,25.066666666666666,34.833333333333336,257.5
2018-08-25 06:00:00,21.333333333333332,25.0,36.333333333333336,255.0
2018-08-25 12:00:00,16.5,27.383333333333336,35.0,257.5
2018-08-25 18:00:00,11.0,25.166666666666668,43.0,260.8333333333333
2018-08-26 00:00:00,12.833333333333334,24.150000000000002,41.5,266.6666666666667
2018-08-26 06:00:00,10.000000000000002,24.400000000000002,41.166666666666664,274.1666666666667
2018-08-26 12:00:00,11.833333333333334,26.03333333333333,41.5,269.1666666666667
2018-08-26 18:00:00,6.600530993770337,24.75,46.5,260.8333333333333
2018-08-27 00:00:00,4.499999999999999,23.833333333333332,53.666666666666664,260.0
2018-08-27 06:00:00,11.5,24.833333333333332,53.0,266.6666666666667
2018-08-27 12:00:00,8.833333333333334,27.650000000000002,36.666666666666664,266.6666666666667
2018-08-27 18:00:00,7.166666666666668,24.616666666666664,39.0,258.3333333333333
2018-08-28 00:00:00,7.166666666666667,23.366666666666664,50.666666666666664,265.0
2018-08-28 06:00:00,5.43386432710367,24.2,50.5,265.0
2018-08-28 12:00:00,12.0,27.95,49.166666666666664,259.1666666666667
2018-08-28 18:00:00,12.767197660437004,25.166666666666668,54.666666666666664,265.0
2018-08-29 00:00:00,10.333333333333334,23.7,50.0,275.8333333333333
2018-08-29 06:00:00,14.83333333333333,24.21666666666667,58.5,275.8333333333333
2018-08-29 12:00:00,11.166666666666666,26.400000000000002,49.833333333333336,280.0
2018-08-29 18:00:00,7.0,24.75,48.5,273.3333333333333
2018-08-30 00:00:00,11.166666666666666,23.78333333333333,57.833333333333336,272.5
2018-08-30 06:00:00,13.499999999999998,24.0,54.166666666666664,271.6666666666667
2018-08-30 12:00:00,12.83333333333333,27.383333333333336,44.5,265.0
2018-08-30 18:00:00,9.5,25.766666666666666,47.5,268.3333333333333
2018-08-31 00:00:00,6.666666666666667,24.2,41.5,265.8333333333333
2018-08-31 06:00:00,21.333333333333332,26.016666666666666,46.5,266.6666666666667
2018-08-31 12:00:00,15.166666666666664,30.633333333333336,38.833333333333336,256.6666666666667
2018-08-31 18:00:00,9.833333333333334,26.28333333333333,45.666666666666664,248.33333333333334
2018-09-01 00:00:00,8.333333333333334,24.46666666666667,18.333333333333332,112.5
2018-09-01 06:00:00,10.333333333333334,26.13333333333333,14.833333333333334,90.83333333333333
2018-09-01 12:00:00,11.833333333333334,31.649999999999995,8.5,61.666666666666664
2018-09-01 18:00:00,18.833333333333332,28.150000000000002,10.0,75.0
2018-09-02 00:00:00,9.333333333333332,25.333333333333332,11.333333333333334,143.33333333333334
2018-09-02 06:00:00,22.166666666666668,26.55,13.833333333333334,170.0
2018-09-02 12:00:00,15.666666666666666,31.650000000000002,12.333333333333334,203.33333333333334
2018-09-02 18:00:00,19.5,28.983333333333334,9.666666666666666,234.16666666666666
2018-09-03 00:00:00,11.166666666666666,25.983333333333334,16.666666666666668,126.66666666666667
2018-09-03 06:00:00,25.5,26.849999999999998,19.333333333333332,124.16666666666667
2018-09-03 12:00:00,20.333333333333332,31.333333333333332,26.5,109.16666666666667
2018-09-03 18:00:00,12.5,26.71666666666667,20.5,105.83333333333333
2018-09-04 00:00:00,4.999999999999999,24.349999999999998,12.833333333333334,69.16666666666667
2018-09-04 06:00:00,5.0,24.53333333333333,14.666666666666666,89.16666666666667
2018-09-04 12:00:00,9.0,27.45,12.333333333333334,85.83333333333333
2018-09-04 18:00:00,8.333333333333332,25.616666666666664,6.333333333333333,125.0
2018-09-05 00:00:00,9.833333333333332,24.150000000000002,7.166666666666667,251.66666666666666
2018-09-05 06:00:00,11.666666666666666,24.63333333333333,2.8333333333333335,233.33333333333334
2018-09-05 12:00:00,14.0,28.883333333333336,6.666666666666667,177.5
2018-09-05 18:00:00,6.300265496885168,25.400000000000002,8.166666666666666,175.0
2018-09-06 00:00:00,16.333333333333332,23.566666666666666,48.666666666666664,244.16666666666666
2018-09-06 06:00:00,20.666666666666668,25.666666666666668,52.333333333333336,252.5
2018-09-06 12:00:00,17.666666666666668,31.75,51.166666666666664,255.0
2018-09-06 18:00:00,29.666666666666668,28.366666666666664,60.5,254.16666666666666
2018-09-07 00:00:00,20.5,24.799999999999997,45.0,267.5
2018-09-07 06:00:00,30.833333333333332,26.28333333333333,35.833333333333336,281.6666666666667
2018-09-07 12:00:00,23.166666666666668,32.23333333333333,32.0,283.3333333333333
2018-09-07 18:00:00,29.166666666666668,28.55,36.833333333333336,272.5
2018-09-08 00:00:00,34.666666666666664,25.633333333333336,31.166666666666668,276.6666666666667
2018-09-08 06:00:00,45.33333333333332,26.633333333333336,19.5,280.0
2018-09-08 12:00:00,30.833333333333332,29.683333333333334,14.666666666666666,291.6666666666667
2018-09-08 18:00:00,35.0,27.316666666666666,18.333333333333332,263.3333333333333
2018-09-09 00:00:00,37.666666666666664,25.45,10.666666666666666,119.16666666666667
2018-09-09 06:00:00,48.833333333333336,27.25,12.166666666666666,100.0
2018-09-09 12:00:00,22.0,31.649999999999995,8.166666666666666,105.0
2018-09-09 18:00:00,17.0,27.583333333333332,12.166666666666666,133.33333333333334
2018-09-10 00:00:00,23.666666666666668,25.366666666666664,19.666666666666668,106.66666666666667
2018-09-10 06:00:00,39.0,27.316666666666666,19.333333333333332,109.16666666666667
2018-09-10 12:00:00,29.166666666666668,32.13333333333333,9.833333333333334,105.0
2018-09-10 18:00:00,29.666666666666668,28.766666666666666,17.833333333333332,97.5
2018-09-11 00:00:00,25.333333333333332,25.816666666666666,33.333333333333336,98.33333333333333
2018-09-11 06:00:00,28.666666666666668,27.116666666666664,32.833333333333336,109.16666666666667
2018-09-11 12:00:00,19.833333333333332,32.13333333333333,33.666666666666664,110.0
2018-09-11 18:00:00,36.666666666666664,28.766666666666666,29.666666666666668,115.83333333333333
2018-09-12 00:00:00,30.16666666666667,26.066666666666666,27.5,90.0
2018-09-12 06:00:00,25.666666666666668,26.75,31.0,100.0
2018-09-12 12:00:00,24.5,29.2,24.666666666666668,110.83333333333333
2018-09-12 18:00:00,33.0,26.633333333333336,22.166666666666668,109.16666666666667
2018-09-13 00:00:00,14.166666666666664,24.8,20.833333333333332,268.3333333333333
2018-09-13 06:00:00,24.833333333333332,25.633333333333336,16.166666666666668,322.5
2018-09-13 12:00:00,19.833333333333332,29.849999999999998,14.5,328.3333333333333
2018-09-13 18:00:00,11.666666666666666,26.88333333333333,13.333333333333334,320.0
2018-09-14 00:00:00,16.166666666666664,24.833333333333332,13.5,330.8333333333333
2018-09-14 06:00:00,11.166666666666666,25.116666666666664,16.166666666666668,88.33333333333333
2018-09-14 12:00:00,16.833333333333332,29.05,16.166666666666668,39.166666666666664
2018-09-14 18:00:00,17.5,26.78333333333333,19.0,69.16666666666667
2018-09-15 00:00:00,11.333333333333334,24.849999999999998,20.333333333333332,56.666666666666664
2018-09-15 06:00:00,24.833333333333332,26.516666666666666,28.333333333333332,69.16666666666667
2018-09-15 12:00:00,28.166666666666668,30.133333333333336,31.166666666666668,72.5
2018-09-15 18:00:00,9.333333333333334,26.883333333333336,24.833333333333332,80.83333333333333
2018-09-16 00:00:00,9.833333333333332,24.899999999999995,18.833333333333332,81.66666666666667
2018-09-16 06:00:00,25.0,26.866666666666664,16.333333333333332,60.0
2018-09-16 12:00:00,16.166666666666664,31.833333333333332,9.833333333333334,64.16666666666667
2018-09-16 18:00:00,15.5,28.183333333333334,5.5,177.5
2018-09-17 00:00:00,21.666666666666668,25.366666666666664,16.166666666666668,233.33333333333334
2018-09-17 06:00:00,16.333333333333332,26.666666666666668,19.5,248.33333333333334
2018-09-17 12:00:00,10.833333333333334,32.03333333333333,16.833333333333332,243.33333333333334
2018-09-17 18:00:00,14.166666666666666,27.8,30.833333333333332,233.33333333333334
2018-09-18 00:00:00,10.000000000000002,25.383333333333336,39.333333333333336,254.16666666666666
2018-09-18 06:00:00,21.833333333333332,26.5,41.0,254.16666666666666
2018-09-18 12:00:00,14.166666666666666,30.21666666666667,36.666666666666664,252.5
2018-09-18 18:00:00,17.833333333333332,26.45,31.0,242.5
2018-09-19 00:00:00,7.716932163551835,24.683333333333334,28.833333333333332,236.66666666666666
2018-09-19 06:00:00,19.0,26.133333333333336,18.5,229.16666666666666
2018-09-19 12:00:00,25.83333333333333,28.916666666666668,10.5,236.66666666666666
2018-09-19 18:00:00,15.166666666666666,25.650000000000002,3.5,256.6666666666667
2018-09-20 00:00:00,24.333333333333332,24.583333333333332,6.166666666666667,60.0
2018-09-20 06:00:00,47.50000000000001,26.666666666666668,6.166666666666667,270.8333333333333
2018-09-20 12:00:00,31.166666666666668,32.03333333333333,7.666666666666667,91.66666666666667
2018-09-20 18:00:00,22.333333333333332,28.01666666666667,14.166666666666666,52.5
2018-09-21 00:00:00,35.833333333333336,25.55,14.5,48.333333333333336
2018-09-21 06:00:00,51.0,27.366666666666664,19.666666666666668,51.666666666666664
2018-09-21 12:00:00,20.5,32.65,15.5,60.0
2018-09-21 18:00:00,31.0,28.5,23.5,63.333333333333336
2018-09-22 00:00:00,31.666666666666668,26.016666666666666,17.166666666666668,64.16666666666667
2018-09-22 06:00:00,44.0,28.28333333333333,15.333333333333334,54.166666666666664
2018-09-22 12:00:00,32.0,32.48333333333333,17.333333333333332,67.5
2018-09-22 18:00:00,26.833333333333332,27.766666666666666,15.666666666666666,85.0
2018-09-23 00:00:00,24.166666666666668,25.066666666666666,20.5,97.5
2018-09-23 06:00:00,36.83333333333333,27.133333333333336,20.333333333333332,90.83333333333333
2018-09-23 12:00:00,21.166666666666668,30.900000000000002,17.0,108.33333333333333
2018-09-23 18:00:00,13.166666666666666,26.816666666666666,17.333333333333332,127.5
2018-09-24 00:00:00,22.0,24.833333333333332,13.0,141.66666666666666
2018-09-24 06:00:00,33.0,26.78333333333333,13.0,137.5
2018-09-24 12:00:00,15.666666666666666,31.266666666666666,13.166666666666666,160.0
2018-09-24 18:00:00,19.666666666666668,26.666666666666668,16.833333333333332,214.16666666666666
2018-09-25 00:00:00,19.166666666666664,24.016666666666666,16.666666666666668,250.83333333333334
2018-09-25 06:00:00,22.333333333333332,26.233333333333334,16.166666666666668,277.5
2018-09-25 12:00:00,17.166666666666664,31.28333333333333,13.833333333333334,282.5
2018-09-25 18:00:00,16.5,27.75,19.0,253.33333333333334
2018-09-26 00:00:00,11.75,24.866666666666664,21.333333333333332,257.5
2018-09-26 06:00:00,24.833333333333332,26.766666666666666,19.0,272.5
2018-09-26 12:00:00,17.166666666666664,32.0,11.666666666666666,270.8333333333333
2018-09-26 18:00:00,25.333333333333332,28.400000000000002,13.833333333333334,267.5
2018-09-27 00:00:00,21.0,25.849999999999998,16.666666666666668,274.1666666666667
2018-09-27 06:00:00,31.5,27.45,7.666666666666667,306.6666666666667
2018-09-27 12:00:00,17.166666666666668,32.65,3.1666666666666665,268.3333333333333
2018-09-27 18:00:00,24.833333333333332,28.983333333333334,6.333333333333333,239.16666666666666
2018-09-28 00:00:00,27.5,26.5,10.166666666666666,260.8333333333333
2018-09-28 06:00:00,36.99999999999999,28.0,6.333333333333333,334.1666666666667
2018-09-28 12:00:00,25.833333333333332,33.333333333333336,2.3333333333333335,135.83333333333334
2018-09-28 18:00:00,29.0,29.7,9.833333333333334,106.66666666666667
2018-09-29 00:00:00,27.666666666666668,26.46666666666667,8.833333333333334,100.83333333333333
2018-09-29 06:00:00,42.833333333333336,28.400000000000002,11.166666666666666,73.33333333333333
2018-09-29 12:00:00,30.5,32.550000000000004,14.833333333333334,64.16666666666667
2018-09-29 18:00:00,21.833333333333332,28.616666666666664,19.0,81.66666666666667
2018-09-30 00:00:00,14.0,26.099999999999998,14.833333333333334,92.5
2018-09-30 06:00:00,27.166666666666668,27.599999999999998,17.166666666666668,86.66666666666667
2018-09-30 12:00:00,19.999999999999996,32.550000000000004,13.166666666666666,97.5
2018-09-30 18:00:00,10.666666666666666,28.433333333333334,15.666666666666666,80.83333333333333
2018-10-01 00:00:00,21.000000000000004,25.683333333333334,3.5,212.5
2018-10-01 06:00:00,37.666666666666664,27.133333333333336,8.833333333333334,168.33333333333334
2018-10-01 12:00:00,23.166666666666668,31.78333333333333,5.5,227.5
2018-10-01 18:00:00,19.166666666666668,27.633333333333336,8.166666666666666,180.83333333333334
2018-10-02 00:00:00,19.333333333333332,25.233333333333334,8.166666666666666,295.8333333333333
2018-10-02 06:00:00,41.83333333333333,26.75,6.333333333333333,115.0
2018-10-02 12:00:00,29.333333333333332,31.5,3.6666666666666665,90.0
2018-10-02 18:00:00,41.833333333333336,27.53333333333333,11.166666666666666,40.833333333333336
2018-10-03 00:00:00,32.83333333333333,24.95,14.5,98.33333333333333
2018-10-03 06:00:00,48.0,26.516666666666666,9.166666666666666,96.66666666666667
2018-10-03 12:00:00,30.666666666666668,31.633333333333336,14.0,76.66666666666667
2018-10-03 18:00:00,46.666666666666664,27.583333333333332,13.333333333333334,108.33333333333333
2018-10-04 00:00:00,44.0,24.46666666666667,6.833333333333333,138.33333333333334
2018-10-04 06:00:00,39.166666666666664,25.78333333333333,10.166666666666666,127.5
2018-10-04 12:00:00,27.0,31.583333333333332,7.333333333333333,139.16666666666666
2018-10-04 18:00:00,35.5,27.03333333333333,5.666666666666667,137.5
2018-10-05 00:00:00,24.666666666666668,24.733333333333334,4.5,189.16666666666666
2018-10-05 06:00:00,39.166666666666664,26.183333333333334,4.333333333333333,102.5
2018-10-05 12:00:00,29.166666666666668,30.616666666666664,6.166666666666667,141.66666666666666
2018-10-05 18:00:00,21.166666666666668,27.116666666666664,7.833333333333333,168.33333333333334
2018-10-06 00:00:00,16.0,24.650000000000002,49.166666666666664,245.0
2018-10-06 06:00:00,46.0,26.416666666666668,47.5,246.66666666666666
2018-10-06 12:00:00,30.166666666666668,31.21666666666667,43.666666666666664,243.33333333333334
2018-10-06 18:00:00,22.666666666666668,26.7,50.0,245.83333333333334
2018-10-07 00:00:00,17.166666666666664,24.2,45.666666666666664,276.6666666666667
2018-10-07 06:00:00,28.333333333333332,26.816666666666666,41.333333333333336,282.5
2018-10-07 12:00:00,28.666666666666668,31.383333333333336,43.333333333333336,285.8333333333333
2018-10-07 18:00:00,34.5,27.150000000000002,37.666666666666664,282.5
2018-10-08 00:00:00,20.833333333333332,24.583333333333332,39.5,277.5
2018-10-08 06:00:00,41.166666666666664,26.75,32.333333333333336,282.5
2018-10-08 12:00:00,34.333333333333336,31.633333333333336,26.5,265.8333333333333
2018-10-08 18:00:00,33.5,26.883333333333336,33.666666666666664,244.16666666666666
2018-10-09 00:00:00,31.0,24.433333333333334,15.5,163.33333333333334
2018-10-09 06:00:00,45.666666666666664,26.849999999999998,6.0,151.66666666666666
2018-10-09 12:00:00,28.500000000000004,31.600000000000005,1.6666666666666667,230.0
2018-10-09 18:00:00,46.5,26.933333333333334,5.166666666666667,260.8333333333333
2018-10-10 00:00:00,48.68,25.099999999999998,16.333333333333332,120.0
2018-10-10 06:00:00,39.56,27.400000000000002,19.333333333333332,96.66666666666667
2018-10-10 12:00:00,30.439999999999998,31.916666666666668,16.333333333333332,102.5
2018-10-10 18:00:00,21.32,27.349999999999998,21.666666666666668,96.66666666666667
2018-10-11 00:00:00,32.0,24.7,25.166666666666668,104.16666666666667
2018-10-11 06:00:00,43.166666666666664,26.28333333333333,21.5,124.16666666666667
2018-10-11 12:00:00,23.0,31.5,18.333333333333332,145.0
2018-10-11 18:00:00,34.666666666666664,27.05,17.5,121.66666666666667
2018-10-12 00:00:00,21.833333333333332,24.05,17.666666666666668,108.33333333333333
2018-10-12 06:00:00,23.666666666666668,25.8,13.833333333333334,98.33333333333333
2018-10-12 12:00:00,20.666666666666664,31.51666666666667,12.333333333333334,108.33333333333333
2018-10-12 18:00:00,39.333333333333336,27.150000000000002,18.666666666666668,92.5
2018-10-13 00:00:00,33.333333333333336,24.5,15.5,90.0
2018-10-13 06:00:00,31.666666666666668,26.333333333333332,16.5,79.16666666666667
2018-10-13 12:00:00,16.166666666666664,31.45,11.666666666666666,72.5
2018-10-13 18:00:00,21.0,27.566666666666666,16.333333333333332,66.66666666666667
2018-10-14 00:00:00,28.333333333333332,24.900000000000002,16.333333333333332,73.33333333333333
2018-10-14 06:00:00,39.666666666666664,27.150000000000002,17.0,79.16666666666667
2018-10-14 12:00:00,24.0,32.21666666666666,12.833333333333334,62.5
2018-10-14 18:00:00,17.166666666666668,27.8,15.833333333333334,70.0
2018-10-15 00:00:00,19.833333333333332,25.266666666666666,15.5,89.16666666666667
2018-10-15 06:00:00,27.333333333333332,26.816666666666666,12.833333333333334,106.66666666666667
2018-10-15 12:00:00,23.166666666666668,31.299999999999997,11.333333333333334,91.66666666666667
2018-10-15 18:00:00,44.333333333333336,27.53333333333333,11.5,87.5
2018-10-16 00:00:00,38.666666666666664,25.200000000000003,12.666666666666666,105.0
2018-10-16 06:00:00,46.16666666666668,27.116666666666664,15.666666666666666,118.33333333333333
2018-10-16 12:00:00,25.166666666666668,31.433333333333334,14.833333333333334,155.83333333333334
2018-10-16 18:00:00,29.666666666666668,27.3,13.333333333333334,218.33333333333334
2018-10-17 00:00:00,32.333333333333336,24.599999999999998,21.166666666666668,228.33333333333334
2018-10-17 06:00:00,31.333333333333332,26.8,10.833333333333334,235.83333333333334
2018-10-17 12:00:00,16.499999999999996,31.349999999999998,9.666666666666666,244.16666666666666
2018-10-17 18:00:00,27.83333333333333,27.516666666666666,10.833333333333334,259.1666666666667
2018-10-18 00:00:00,24.166666666666668,25.03333333333333,13.0,275.8333333333333
2018-10-18 06:00:00,30.666666666666668,26.866666666666664,10.5,292.5
2018-10-18 12:00:00,21.666666666666668,30.983333333333334,2.8333333333333335,315.0
2018-10-18 18:00:00,35.0,26.783333333333335,2.3333333333333335,150.83333333333334
2018-10-19 00:00:00,18.666666666666668,24.900000000000002,3.5,79.16666666666667
2018-10-19 06:00:00,40.0,27.116666666666664,11.166666666666666,55.0
2018-10-19 12:00:00,23.999999999999996,31.916666666666668,13.5,61.666666666666664
2018-10-19 18:00:00,26.000000000000004,28.0,17.5,65.83333333333333
2018-10-20 00:00:00,20.0,25.349999999999998,22.166666666666668,81.66666666666667
2018-10-20 06:00:00,23.0,26.0,22.333333333333332,93.33333333333333
2018-10-20 12:00:00,31.166666666666668,28.983333333333334,28.666666666666668,80.0
2018-10-20 18:00:00,22.833333333333332,26.099999999999998,40.5,104.16666666666667
2018-10-21 00:00:00,15.166666666666664,24.183333333333334,35.666666666666664,121.66666666666667
2018-10-21 06:00:00,22.166666666666668,26.049999999999997,30.5,150.83333333333334
2018-10-21 12:00:00,10.133598830218501,29.833333333333332,30.0,169.16666666666666
2018-10-21 18:00:00,9.633598830218501,25.96666666666667,24.166666666666668,169.16666666666666
2018-10-22 00:00:00,12.833333333333334,23.983333333333334,22.5,164.16666666666666
2018-10-22 06:00:00,33.166666666666664,26.066666666666666,23.5,160.0
2018-10-22 12:00:00,12.833333333333334,30.633333333333336,17.166666666666668,164.16666666666666
2018-10-22 18:00:00,21.5,26.75,13.666666666666666,162.5
2018-10-23 00:00:00,23.833333333333332,24.683333333333334,8.833333333333334,139.16666666666666
2018-10-23 06:00:00,28.666666666666668,26.3,18.666666666666668,137.5
2018-10-23 12:00:00,29.5,30.416666666666668,15.833333333333334,145.83333333333334
2018-10-23 18:00:00,28.16666666666667,26.71666666666667,16.333333333333332,142.5
2018-10-24 00:00:00,23.833333333333332,24.900000000000002,15.333333333333334,125.0
2018-10-24 06:00:00,40.833333333333336,26.833333333333332,16.166666666666668,110.83333333333333
2018-10-24 12:00:00,19.833333333333332,30.2,16.333333333333332,111.66666666666667
2018-10-24 18:00:00,34.5,26.066666666666666,20.166666666666668,122.5
2018-10-25 00:00:00,37.83333333333333,24.383333333333336,22.0,115.83333333333333
2018-10-25 06:00:00,38.333333333333336,26.549999999999997,24.833333333333332,113.33333333333333
2018-10-25 12:00:00,14.166666666666666,31.71666666666667,17.0,115.0
2018-10-25 18:00:00,47.0,27.51666666666667,16.666666666666668,97.5
2018-10-26 00:00:00,53.333333333333336,24.983333333333334,16.333333333333332,83.33333333333333
2018-10-26 06:00:00,49.833333333333336,27.0,21.833333333333332,80.83333333333333
2018-10-26 12:00:00,29.833333333333332,31.650000000000002,23.166666666666668,89.16666666666667
2018-10-26 18:00:00,34.833333333333336,27.51666666666667,27.166666666666668,80.83333333333333
2018-10-27 00:00:00,35.833333333333336,24.900000000000002,28.666666666666668,66.66666666666667
2018-10-27 06:00:00,38.666666666666664,26.116666666666664,29.833333333333332,83.33333333333333
2018-10-27 12:00:00,22.666666666666668,31.399999999999995,22.5,92.5
2018-10-27 18:00:00,28.333333333333332,26.616666666666664,36.166666666666664,72.5
2018-10-28 00:00:00,25.666666666666668,24.3,34.166666666666664,80.83333333333333
2018-10-28 06:00:00,24.166666666666668,25.733333333333334,24.833333333333332,84.16666666666667
2018-10-28 12:00:00,13.666666666666666,30.916666666666668,24.166666666666668,79.16666666666667
2018-10-28 18:00:00,34.666666666666664,27.016666666666666,37.833333333333336,72.5
2018-10-29 00:00:00,26.5,24.683333333333334,35.833333333333336,77.5
2018-10-29 06:00:00,30.333333333333332,25.666666666666668,24.166666666666668,78.33333333333333
2018-10-29 12:00:00,22.166666666666668,30.833333333333332,24.666666666666668,83.33333333333333
2018-10-29 18:00:00,41.333333333333336,26.7,33.5,70.0
2018-10-30 00:00:00,30.333333333333332,23.96666666666667,32.833333333333336,59.166666666666664
2018-10-30 06:00:00,39.333333333333336,25.266666666666666,37.333333333333336,58.333333333333336
2018-10-30 12:00:00,26.833333333333332,30.099999999999998,41.166666666666664,71.66666666666667
2018-10-30 18:00:00,50.666666666666664,25.766666666666666,41.5,61.666666666666664
2018-10-31 00:00:00,36.0,22.95,49.666666666666664,61.666666666666664
2018-10-31 06:00:00,44.60053099377034,22.933333333333334,59.5,67.5
2018-10-31 12:00:00,38.666666666666664,28.933333333333334,47.666666666666664,71.66666666666667
2018-10-31 18:00:00,57.33333333333332,24.233333333333334,38.166666666666664,58.333333333333336
2018-11-01 00:00:00,56.0,21.333333333333332,18.166666666666668,132.5
2018-11-01 06:00:00,34.166666666666664,22.5,12.5,111.66666666666667
2018-11-01 12:00:00,35.0,27.7,10.333333333333334,85.0
2018-11-01 18:00:00,35.333333333333336,22.8,11.666666666666666,108.33333333333333
2018-11-02 00:00:00,53.0,19.833333333333332,14.166666666666666,55.0
2018-11-02 06:00:00,42.166666666666664,21.816666666666666,21.0,40.833333333333336
2018-11-02 12:00:00,37.333333333333336,28.299999999999997,15.5,59.166666666666664
2018-11-02 18:00:00,30.333333333333332,22.683333333333334,15.666666666666666,79.16666666666667
2018-11-03 00:00:00,26.166666666666668,20.066666666666666,9.0,112.5
2018-11-03 06:00:00,51.83333333333334,22.349999999999998,5.5,96.66666666666667
2018-11-03 12:00:00,34.99999999999999,29.549999999999997,5.333333333333333,88.33333333333333
2018-11-03 18:00:00,44.33333333333332,24.716666666666665,7.333333333333333,95.0
2018-11-04 00:00:00,44.333333333333336,21.8,6.333333333333333,160.83333333333334
2018-11-04 06:00:00,44.833333333333336,24.25,7.0,145.0
2018-11-04 12:00:00,31.833333333333332,30.983333333333334,7.166666666666667,168.33333333333334
2018-11-04 18:00:00,55.0,25.816666666666666,3.6666666666666665,219.16666666666666
2018-11-05 00:00:00,57.0,22.883333333333336,3.3333333333333335,174.16666666666666
2018-11-05 06:00:00,50.00000000000001,25.133333333333336,7.666666666666667,165.83333333333334
2018-11-05 12:00:00,33.333333333333336,31.599999999999998,9.5,153.33333333333334
2018-11-05 18:00:00,36.833333333333336,26.366666666666664,8.166666666666666,200.0
2018-11-06 00:00:00,36.166666666666664,23.633333333333336,42.166666666666664,243.33333333333334
2018-11-06 06:00:00,35.333333333333336,25.25,55.0,240.0
2018-11-06 12:00:00,26.0,30.916666666666668,53.5,235.0
2018-11-06 18:00:00,26.666666666666668,26.583333333333332,62.5,234.16666666666666
2018-11-07 00:00:00,18.499999999999996,24.016666666666666,48.333333333333336,277.5
2018-11-07 06:00:00,18.666666666666664,25.400000000000002,44.833333333333336,275.0
2018-11-07 12:00:00,22.666666666666668,30.8,46.666666666666664,268.3333333333333
2018-11-07 18:00:00,39.166666666666664,26.650000000000002,51.166666666666664,281.6666666666667
2018-11-08 00:00:00,20.499999999999996,24.53333333333333,38.833333333333336,261.6666666666667
2018-11-08 06:00:00,21.166666666666668,25.150000000000002,43.5,260.0
2018-11-08 12:00:00,15.666666666666664,29.46666666666667,40.166666666666664,254.16666666666666
2018-11-08 18:00:00,37.5,26.183333333333334,38.333333333333336,252.5
2018-11-09 00:00:00,20.5,24.133333333333336,16.166666666666668,276.6666666666667
2018-11-09 06:00:00,22.0,24.383333333333336,15.666666666666666,293.3333333333333
2018-11-09 12:00:00,26.666666666666668,26.083333333333332,11.166666666666666,307.5
2018-11-09 18:00:00,35.33333333333333,24.083333333333332,15.166666666666666,276.6666666666667
2018-11-10 00:00:00,14.499999999999998,22.983333333333334,24.5,110.83333333333333
2018-11-10 06:00:00,18.333333333333332,25.13333333333333,26.833333333333332,87.5
2018-11-10 12:00:00,26.66666666666666,29.099999999999998,34.666666666666664,91.66666666666667
2018-11-10 18:00:00,53.83333333333334,25.666666666666668,33.0,85.0
2018-11-11 00:00:00,25.166666666666668,23.599999999999998,20.166666666666668,95.83333333333333
2018-11-11 06:00:00,24.5,25.483333333333334,19.5,108.33333333333333
2018-11-11 12:00:00,16.999999999999996,30.433333333333334,13.166666666666666,115.83333333333333
2018-11-11 18:00:00,34.333333333333336,26.233333333333334,10.166666666666666,118.33333333333333
2018-11-12 00:00:00,38.00000000000001,23.900000000000002,22.333333333333332,92.5
2018-11-12 06:00:00,47.99999999999999,26.183333333333334,20.5,83.33333333333333
2018-11-12 12:00:00,23.333333333333332,31.28333333333333,17.333333333333332,100.0
2018-11-12 18:00:00,32.0,26.96666666666667,19.5,96.66666666666667
2018-11-13 00:00:00,32.5,24.516666666666666,8.166666666666666,105.83333333333333
2018-11-13 06:00:00,42.833333333333336,26.46666666666667,9.833333333333334,80.0
2018-11-13 12:00:00,25.166666666666668,30.95,11.0,95.83333333333333
2018-11-13 18:00:00,35.99999999999999,26.8,15.166666666666666,91.66666666666667
2018-11-14 00:00:00,41.5,24.46666666666667,14.5,95.0
2018-11-14 06:00:00,53.5,26.766666666666666,18.5,98.33333333333333
2018-11-14 12:00:00,28.083333333333332,31.599999999999998,14.333333333333334,106.66666666666667
2018-11-14 18:00:00,28.166666666666668,27.21666666666667,16.166666666666668,100.0
2018-11-15 00:00:00,35.0,24.900000000000002,14.5,88.33333333333333
2018-11-15 06:00:00,52.83333333333334,27.133333333333336,16.166666666666668,90.0
2018-11-15 12:00:00,28.0,32.05,14.333333333333334,95.0
2018-11-15 18:00:00,47.0,27.433333333333334,16.166666666666668,92.5
2018-11-16 00:00:00,36.166666666666664,24.96666666666667,14.833333333333334,89.16666666666667
2018-11-16 06:00:00,48.166666666666664,26.983333333333334,14.5,95.0
2018-11-16 12:00:00,27.833333333333332,31.983333333333334,12.5,95.0
2018-11-16 18:00:00,13.666666666666666,27.299999999999997,17.5,95.83333333333333
2018-11-17 00:00:00,34.83333333333333,24.983333333333334,12.333333333333334,102.5
2018-11-17 06:00:00,46.833333333333336,27.183333333333334,14.666666666666666,94.16666666666667
2018-11-17 12:00:00,27.666666666666668,31.416666666666668,15.833333333333334,96.66666666666667
2018-11-17 18:00:00,47.166666666666664,27.083333333333332,22.5,109.16666666666667
2018-11-18 00:00:00,36.166666666666664,25.05,14.166666666666666,111.66666666666667
2018-11-18 06:00:00,56.83333333333334,27.166666666666668,17.166666666666668,114.16666666666667
2018-11-18 12:00:00,38.166666666666664,31.616666666666664,12.333333333333334,93.33333333333333
2018-11-18 18:00:00,31.5,27.150000000000002,19.333333333333332,81.66666666666667
2018-11-19 00:00:00,29.666666666666668,25.2,20.166666666666668,84.16666666666667
2018-11-19 06:00:00,43.416666666666664,27.05,20.166666666666668,85.0
2018-11-19 12:00:00,22.833333333333332,31.416666666666668,14.666666666666666,78.33333333333333
2018-11-19 18:00:00,28.666666666666668,27.55,20.333333333333332,75.0
2018-11-20 00:00:00,33.5,25.23333333333333,20.5,97.5
2018-11-20 06:00:00,60.33333333333334,26.916666666666668,15.666666666666666,95.83333333333333
2018-11-20 12:00:00,36.833333333333336,31.683333333333334,8.833333333333334,85.83333333333333
2018-11-20 18:00:00,39.0,27.616666666666664,9.166666666666666,95.0
2018-11-21 00:00:00,42.666666666666664,25.116666666666664,6.333333333333333,99.16666666666667
2018-11-21 06:00:00,58.833333333333336,26.916666666666668,10.666666666666666,83.33333333333333
2018-11-21 12:00:00,29.666666666666668,32.13333333333333,10.666666666666666,77.5
2018-11-21 18:00:00,43.333333333333336,28.166666666666668,18.5,86.66666666666667
2018-11-22 00:00:00,32.833333333333336,25.349999999999998,17.166666666666668,93.33333333333333
2018-11-22 06:00:00,45.26666666666667,27.200000000000003,27.5,77.5
2018-11-22 12:00:00,64.23333333333333,31.233333333333334,31.166666666666668,76.66666666666667
2018-11-22 18:00:00,57.5,27.083333333333332,36.333333333333336,80.0
2018-11-23 00:00:00,25.666666666666668,24.683333333333334,26.5,75.83333333333333
2018-11-23 06:00:00,14.5,24.683333333333334,21.0,82.5
2018-11-23 12:00:00,17.166666666666668,29.433333333333334,25.5,85.0
2018-11-23 18:00:00,31.166666666666668,25.383333333333336,23.166666666666668,90.0
2018-11-24 00:00:00,22.5,22.816666666666666,8.0,66.66666666666667
2018-11-24 06:00:00,25.0,24.066666666666666,11.0,50.0
2018-11-24 12:00:00,23.333333333333332,29.8,14.166666666666666,43.333333333333336
2018-11-24 18:00:00,46.833333333333336,25.416666666666668,18.166666666666668,40.833333333333336
2018-11-25 00:00:00,36.99999999999999,22.833333333333332,20.333333333333332,36.666666666666664
2018-11-25 06:00:00,34.166666666666664,23.96666666666667,26.0,27.5
2018-11-25 12:00:00,22.0,29.53333333333333,32.166666666666664,35.0
2018-11-25 18:00:00,41.0,24.400000000000002,33.0,40.833333333333336
2018-11-26 00:00:00,28.333333333333332,22.016666666666666,24.333333333333332,44.166666666666664
2018-11-26 06:00:00,32.333333333333336,23.2,25.833333333333332,55.0
2018-11-26 12:00:00,26.0,29.433333333333334,33.833333333333336,76.66666666666667
2018-11-26 18:00:00,33.833333333333336,24.666666666666668,25.333333333333332,80.83333333333333
2018-11-27 00:00:00,34.166666666666664,22.133333333333336,16.666666666666668,70.0
2018-11-27 06:00:00,32.833333333333336,23.099999999999998,16.666666666666668,57.5
2018-11-27 12:00:00,25.333333333333332,23.95,20.833333333333332,48.333333333333336
2018-11-27 18:00:00,27.0,22.5,26.666666666666668,40.833333333333336
2018-11-28 00:00:00,22.0,21.8,20.5,64.16666666666667
2018-11-28 06:00:00,27.5,22.55,19.5,56.666666666666664
2018-11-28 12:00:00,30.333333333333332,24.616666666666664,19.833333333333332,80.0
2018-11-28 18:00:00,32.333333333333336,23.150000000000002,19.666666666666668,97.5
2018-11-29 00:00:00,36.0,21.78333333333333,22.166666666666668,107.5
2018-11-29 06:00:00,31.333333333333332,24.05,21.166666666666668,111.66666666666667
2018-11-29 12:00:00,22.0,30.083333333333332,21.166666666666668,110.83333333333333
2018-11-29 18:00:00,48.833333333333336,25.916666666666668,18.833333333333332,97.5
2018-11-30 00:00:00,32.666666666666664,23.650000000000002,21.5,82.5
2018-11-30 06:00:00,38.166666666666664,25.316666666666666,20.666666666666668,85.0
2018-11-30 12:00:00,33.00000000000001,31.28333333333333,15.666666666666666,97.5
2018-11-30 18:00:00,55.0,26.866666666666664,14.833333333333334,96.66666666666667
2018-12-01 00:00:00,43.5,24.316666666666666,7.5,118.33333333333333
2018-12-01 06:00:00,35.33333333333333,26.03333333333333,10.333333333333334,110.0
2018-12-01 12:00:00,31.166666666666668,31.7,15.833333333333334,99.16666666666667
2018-12-01 18:00:00,54.5,27.399999999999995,17.166666666666668,96.66666666666667
2018-12-02 00:00:00,57.166666666666664,24.833333333333332,14.0,94.16666666666667
2018-12-02 06:00:00,40.99999999999999,26.516666666666666,16.666666666666668,99.16666666666667
2018-12-02 12:00:00,30.666666666666668,32.083333333333336,21.0,82.5
2018-12-02 18:00:00,32.5,27.599999999999998,27.333333333333332,79.16666666666667
2018-12-03 00:00:00,27.333333333333332,24.933333333333334,12.166666666666666,97.5
2018-12-03 06:00:00,40.833333333333336,26.766666666666666,7.0,130.83333333333334
2018-12-03 12:00:00,32.833333333333336,32.666666666666664,6.666666666666667,137.5
2018-12-03 18:00:00,49.0,28.516666666666666,9.0,159.16666666666666
2018-12-04 00:00:00,49.5,25.983333333333334,14.166666666666666,190.0
2018-12-04 06:00:00,57.66666666666666,27.25,15.5,220.83333333333334
2018-12-04 12:00:00,30.16666666666667,32.833333333333336,14.833333333333334,210.83333333333334
2018-12-04 18:00:00,49.66666666666668,28.05,6.5,231.66666666666666
2018-12-05 00:00:00,41.0,25.333333333333332,8.166666666666666,170.0
2018-12-05 06:00:00,36.833333333333336,26.733333333333334,13.0,167.5
2018-12-05 12:00:00,24.0,33.15,9.333333333333334,171.66666666666666
2018-12-05 18:00:00,43.5,29.049999999999997,10.333333333333334,193.33333333333334
2018-12-06 00:00:00,49.166666666666664,25.683333333333334,62.333333333333336,228.33333333333334
2018-12-06 06:00:00,54.833333333333336,26.900000000000002,54.5,238.33333333333334
2018-12-06 12:00:00,32.166666666666664,32.35,52.166666666666664,232.5
2018-12-06 18:00:00,57.833333333333336,28.166666666666668,63.166666666666664,240.83333333333334
2018-12-07 00:00:00,60.66666666666668,25.733333333333334,49.333333333333336,270.0
2018-12-07 06:00:00,51.99999999999999,26.650000000000002,44.0,275.8333333333333
2018-12-07 12:00:00,30.666666666666668,31.36666666666667,36.0,275.0
2018-12-07 18:00:00,50.5,27.683333333333334,46.0,272.5
2018-12-08 00:00:00,38.0,25.099999999999998,56.5,255.0
2018-12-08 06:00:00,41.5,24.78333333333333,46.5,255.0
2018-12-08 12:00:00,38.166666666666664,27.2,43.5,257.5
2018-12-08 18:00:00,43.833333333333336,24.900000000000002,56.333333333333336,261.6666666666667
2018-12-09 00:00:00,33.49999999999999,23.316666666666666,24.333333333333332,254.16666666666666
2018-12-09 06:00:00,25.166666666666668,24.833333333333332,19.666666666666668,260.8333333333333
2018-12-09 12:00:00,21.833333333333332,29.866666666666664,21.0,285.8333333333333
2018-12-09 18:00:00,44.333333333333336,25.433333333333334,24.333333333333332,287.5
2018-12-10 00:00:00,23.333333333333332,23.116666666666664,28.0,115.0
2018-12-10 06:00:00,16.666666666666664,24.433333333333334,27.333333333333332,70.83333333333333
2018-12-10 12:00:00,20.166666666666668,30.03333333333333,29.666666666666668,78.33333333333333
2018-12-10 18:00:00,43.5,26.55,22.5,75.83333333333333
2018-12-11 00:00:00,33.166666666666664,24.21666666666667,9.666666666666666,126.66666666666667
2018-12-11 06:00:00,21.5,25.46666666666667,10.833333333333334,112.5
2018-12-11 12:00:00,23.0,31.099999999999998,7.333333333333333,115.0
2018-12-11 18:00:00,38.00000000000001,26.733333333333334,7.666666666666667,110.0
2018-12-12 00:00:00,26.0,24.11666666666667,19.333333333333332,104.16666666666667
2018-12-12 06:00:00,20.666666666666668,25.2,24.666666666666668,121.66666666666667
2018-12-12 12:00:00,15.666666666666664,30.083333333333332,20.833333333333332,118.33333333333333
2018-12-12 18:00:00,34.666666666666664,26.25,32.5,97.5
2018-12-13 00:00:00,23.666666666666668,23.683333333333334,29.833333333333332,112.5
2018-12-13 06:00:00,14.666666666666666,22.96666666666667,24.5,107.5
2018-12-13 12:00:00,16.333333333333332,28.483333333333334,21.5,102.5
2018-12-13 18:00:00,33.833333333333336,24.96666666666667,26.0,95.83333333333333
2018-12-14 00:00:00,25.166666666666668,22.333333333333332,20.166666666666668,106.66666666666667
2018-12-14 06:00:00,16.333333333333332,22.616666666666664,22.166666666666668,96.66666666666667
2018-12-14 12:00:00,17.333333333333332,28.46666666666667,27.5,92.5
2018-12-14 18:00:00,28.5,24.650000000000002,36.833333333333336,88.33333333333333
2018-12-15 00:00:00,21.333333333333332,22.3,29.166666666666668,90.83333333333333
2018-12-15 06:00:00,17.333333333333332,22.8,27.666666666666668,99.16666666666667
2018-12-15 12:00:00,20.833333333333332,27.683333333333334,36.0,94.16666666666667
2018-12-15 18:00:00,29.0,25.683333333333334,38.833333333333336,81.66666666666667
2018-12-16 00:00:00,25.0,24.583333333333332,34.666666666666664,81.66666666666667
2018-12-16 06:00:00,23.333333333333332,24.599999999999998,35.333333333333336,86.66666666666667
2018-12-16 12:00:00,18.333333333333332,29.583333333333332,37.166666666666664,86.66666666666667
2018-12-16 18:00:00,36.333333333333336,26.5,40.166666666666664,68.33333333333333
2018-12-17 00:00:00,23.333333333333332,23.666666666666668,28.5,74.16666666666667
2018-12-17 06:00:00,15.333333333333334,23.75,21.833333333333332,67.5
2018-12-17 12:00:00,15.5,29.483333333333334,22.166666666666668,70.83333333333333
2018-12-17 18:00:00,42.33333333333333,25.150000000000002,31.0,79.16666666666667
2018-12-18 00:00:00,41.666666666666664,22.900000000000002,23.833333333333332,83.33333333333333
2018-12-18 06:00:00,28.0,23.333333333333332,16.5,100.83333333333333
2018-12-18 12:00:00,24.0,29.183333333333334,7.5,99.16666666666667
2018-12-18 18:00:00,45.66666666666666,25.900000000000002,7.0,102.5
2018-12-19 00:00:00,42.0,23.099999999999998,6.833333333333333,45.833333333333336
2018-12-19 06:00:00,45.0,24.433333333333334,8.166666666666666,60.0
2018-12-19 12:00:00,30.666666666666668,31.5,6.666666666666667,115.83333333333333
2018-12-19 18:00:00,59.0,27.433333333333337,9.166666666666666,176.66666666666666
2018-12-20 00:00:00,78.83333333333333,24.683333333333334,5.5,244.16666666666666
2018-12-20 06:00:00,73.00000000000001,26.25,5.5,267.5
2018-12-20 12:00:00,46.5,32.800000000000004,5.5,318.3333333333333
2018-12-20 18:00:00,72.33333333333333,28.383333333333336,9.666666666666666,349.1666666666667
2018-12-21 00:00:00,86.16666666666667,25.55,9.833333333333334,335.8333333333333
2018-12-21 06:00:00,102.66666666666667,27.25,8.5,352.5
2018-12-21 12:00:00,59.833333333333336,33.300000000000004,7.333333333333333,355.0
2018-12-21 18:00:00,92.33333333333331,29.150000000000002,9.333333333333334,75.0
2018-12-22 00:00:00,99.50000000000001,26.46666666666667,6.0,35.833333333333336
2018-12-22 06:00:00,103.83333333333331,27.483333333333334,5.666666666666667,58.333333333333336
2018-12-22 12:00:00,62.666666666666664,33.266666666666666,10.5,35.833333333333336
2018-12-22 18:00:00,51.0,30.0,19.0,42.5
2018-12-23 00:00:00,50.666666666666664,26.7,22.666666666666668,55.0
2018-12-23 06:00:00,54.66666666666666,27.3,24.666666666666668,60.833333333333336
2018-12-23 12:00:00,27.166666666666668,32.85,20.833333333333332,60.833333333333336
2018-12-23 18:00:00,40.5,28.7,23.166666666666668,62.5
2018-12-24 00:00:00,36.833333333333336,25.63333333333333,21.333333333333332,38.333333333333336
2018-12-24 06:00:00,28.666666666666668,25.8,23.333333333333332,20.0
2018-12-24 12:00:00,23.5,31.53333333333333,26.5,30.0
2018-12-24 18:00:00,47.833333333333336,27.083333333333332,19.5,35.0
2018-12-25 00:00:00,60.0,24.099999999999998,14.666666666666666,41.666666666666664
2018-12-25 06:00:00,61.33333333333332,25.333333333333332,11.833333333333334,295.0
2018-12-25 12:00:00,29.666666666666668,31.666666666666668,9.833333333333334,69.16666666666667
2018-12-25 18:00:00,58.833333333333336,26.900000000000002,8.833333333333334,122.5
2018-12-26 00:00:00,63.33333333333334,24.099999999999998,15.666666666666666,334.1666666666667
2018-12-26 06:00:00,81.66666666666666,25.083333333333332,9.0,71.66666666666667
2018-12-26 12:00:00,43.0,31.86666666666667,3.8333333333333335,53.333333333333336
2018-12-26 18:00:00,76.66666666666667,27.05,2.8333333333333335,100.0
2018-12-27 00:00:00,70.16666666666667,24.066666666666666,3.8333333333333335,207.5
2018-12-27 06:00:00,80.33333333333334,25.416666666666668,9.833333333333334,79.16666666666667
2018-12-27 12:00:00,52.333333333333336,32.6,7.666666666666667,93.33333333333333
2018-12-27 18:00:00,90.49999999999999,27.733333333333334,13.166666666666666,84.16666666666667
2018-12-28 00:00:00,89.33333333333333,25.083333333333332,17.5,100.0
2018-12-28 06:00:00,71.33333333333334,26.25,18.666666666666668,109.16666666666667
2018-12-28 12:00:00,38.83333333333333,32.43333333333333,12.166666666666666,106.66666666666667
2018-12-28 18:00:00,39.333333333333336,28.700000000000003,10.0,77.5
2018-12-29 00:00:00,19.166666666666668,25.200000000000003,16.833333333333332,113.33333333333333
2018-12-29 06:00:00,17.666666666666668,25.533333333333335,22.5,160.83333333333334
2018-12-29 12:00:00,19.0,28.666666666666668,15.833333333333334,174.16666666666666
2018-12-29 18:00:00,24.166666666666668,25.25,15.0,130.83333333333334
2018-12-30 00:00:00,15.166666666666664,24.316666666666666,19.166666666666668,130.0
2018-12-30 06:00:00,10.833333333333334,24.099999999999998,15.333333333333334,143.33333333333334
2018-12-30 12:00:00,9.5,28.083333333333332,6.166666666666667,142.5
2018-12-30 18:00:00,13.83333333333333,25.666666666666668,17.666666666666668,104.16666666666667
2018-12-31 00:00:00,17.166666666666668,23.400000000000002,9.833333333333334,144.16666666666666
2018-12-31 06:00:00,12.166666666666664,22.733333333333334,8.5,55.833333333333336
2018-12-31 12:00:00,8.999999999999998,27.866666666666664,11.666666666666666,51.666666666666664
2018-12-31 18:00:00,24.5,24.733333333333334,19.666666666666668,70.0
2019-01-01 00:00:00,20.5,21.95,16.5,58.333333333333336
2019-01-01 06:00:00,9.5,21.933333333333334,19.166666666666668,52.5
2019-01-01 12:00:00,8.166666666666666,27.96666666666667,21.5,37.5
2019-01-01 18:00:00,19.333333333333332,23.983333333333334,26.0,40.833333333333336
2019-01-02 00:00:00,18.166666666666668,21.833333333333332,17.5,55.833333333333336
2019-01-02 06:00:00,9.166666666666666,21.78333333333333,16.666666666666668,71.66666666666667
2019-01-02 12:00:00,7.333333333333333,28.483333333333334,17.666666666666668,74.16666666666667
2019-01-02 18:00:00,27.0,24.45,19.833333333333332,65.0
2019-01-03 00:00:00,26.166666666666668,22.400000000000002,13.333333333333334,170.0
2019-01-03 06:00:00,14.0,22.333333333333332,11.333333333333334,168.33333333333334
2019-01-03 12:00:00,19.166666666666668,28.3,10.833333333333334,168.33333333333334
2019-01-03 18:00:00,36.666666666666664,26.21666666666667,6.166666666666667,89.16666666666667
2019-01-04 00:00:00,29.0,24.583333333333332,6.5,135.0
2019-01-04 06:00:00,32.666666666666664,25.133333333333336,9.666666666666666,138.33333333333334
2019-01-04 12:00:00,32.916666666666664,27.433333333333334,5.333333333333333,136.66666666666666
2019-01-04 18:00:00,39.0,24.683333333333334,4.833333333333333,82.5
2019-01-05 00:00:00,32.0,24.083333333333332,19.666666666666668,215.0
2019-01-05 06:00:00,41.333333333333336,24.583333333333332,23.333333333333332,250.83333333333334
2019-01-05 12:00:00,39.5,27.25,15.0,235.0
2019-01-05 18:00:00,50.166666666666664,26.066666666666666,21.5,241.66666666666666
2019-01-06 00:00:00,47.166666666666664,24.883333333333336,18.5,236.66666666666666
2019-01-06 06:00:00,40.166666666666664,26.016666666666666,19.833333333333332,226.66666666666666
2019-01-06 12:00:00,33.666666666666664,32.1,19.166666666666668,229.16666666666666
2019-01-06 18:00:00,65.66666666666667,28.433333333333334,19.0,232.5
2019-01-07 00:00:00,73.33333333333333,25.633333333333336,51.166666666666664,259.1666666666667
2019-01-07 06:00:00,54.66666666666668,26.733333333333334,47.833333333333336,278.3333333333333
2019-01-07 12:00:00,51.166666666666664,32.65,41.166666666666664,268.3333333333333
2019-01-07 18:00:00,69.83333333333333,29.083333333333332,39.0,270.8333333333333
2019-01-08 00:00:00,68.83333333333333,26.016666666666666,71.0,272.5
2019-01-08 06:00:00,79.0,26.5,63.833333333333336,278.3333333333333
2019-01-08 12:00:00,52.833333333333336,32.083333333333336,66.5,267.5
2019-01-08 18:00:00,65.0,28.25,63.833333333333336,265.0
2019-01-09 00:00:00,53.0,25.099999999999998,49.5,252.5
2019-01-09 06:00:00,59.0,26.233333333333334,42.0,245.0
2019-01-09 12:00:00,58.833333333333336,31.78333333333333,40.5,251.66666666666666
2019-01-09 18:00:00,165.57581822801805,28.483333333333334,49.0,271.6666666666667
2019-01-10 00:00:00,97.83333333333333,25.816666666666666,12.666666666666666,254.16666666666666
2019-01-10 06:00:00,94.5,26.599999999999998,2.5,299.1666666666667
2019-01-10 12:00:00,49.666666666666664,31.933333333333334,3.1666666666666665,299.1666666666667
2019-01-10 18:00:00,71.33333333333333,28.766666666666666,4.333333333333333,258.3333333333333
2019-01-11 00:00:00,98.83333333333333,26.3,36.0,72.5
2019-01-11 06:00:00,103.49999999999999,27.183333333333334,53.666666666666664,49.166666666666664
2019-01-11 12:00:00,54.666666666666664,33.11666666666667,35.333333333333336,54.166666666666664
2019-01-11 18:00:00,72.33333333333333,29.8,24.5,68.33333333333333
2019-01-12 00:00:00,95.66666666666669,26.816666666666666,23.5,87.5
2019-01-12 06:00:00,102.0,27.766666666666666,19.0,70.0
2019-01-12 12:00:00,43.0,33.68333333333333,25.166666666666668,60.833333333333336
2019-01-12 18:00:00,66.83333333333333,30.066666666666666,31.0,61.666666666666664
2019-01-13 00:00:00,60.83333333333332,26.96666666666667,17.833333333333332,80.0
2019-01-13 06:00:00,62.166666666666664,27.366666666666664,11.333333333333334,64.16666666666667
2019-01-13 12:00:00,37.833333333333336,33.56666666666666,13.166666666666666,60.833333333333336
2019-01-13 18:00:00,61.166666666666664,29.716666666666665,15.0,55.0
2019-01-14 00:00:00,70.0,26.8,16.0,44.166666666666664
2019-01-14 06:00:00,75.33333333333334,27.283333333333335,11.0,52.5
2019-01-14 12:00:00,44.0,33.43333333333333,11.5,50.0
2019-01-14 18:00:00,81.0,29.98333333333333,12.333333333333334,58.333333333333336
2019-01-15 00:00:00,85.16666666666667,26.633333333333336,12.666666666666666,74.16666666666667
2019-01-15 06:00:00,83.83333333333334,27.25,9.333333333333334,68.33333333333333
2019-01-15 12:00:00,42.5,32.88333333333333,8.5,58.333333333333336
2019-01-15 18:00:00,80.5,29.86666666666667,9.833333333333334,67.5
2019-01-16 00:00:00,47.50000000000001,26.799999999999997,6.333333333333333,96.66666666666667
2019-01-16 06:00:00,75.16666666666667,26.983333333333334,4.833333333333333,129.16666666666666
2019-01-16 12:00:00,41.0,32.71666666666667,7.166666666666667,78.33333333333333
2019-01-16 18:00:00,50.666666666666664,29.516666666666666,15.666666666666666,75.0
2019-01-17 00:00:00,57.833333333333336,26.233333333333334,20.833333333333332,80.0
2019-01-17 06:00:00,58.83333333333332,26.349999999999998,17.333333333333332,97.5
2019-01-17 12:00:00,36.666666666666664,32.63333333333333,22.666666666666668,79.16666666666667
2019-01-17 18:00:00,56.166666666666664,28.866666666666664,31.166666666666668,81.66666666666667
2019-01-18 00:00:00,32.5,25.266666666666666,14.833333333333334,111.66666666666667
2019-01-18 06:00:00,27.0,24.05,7.5,115.0
2019-01-18 12:00:00,27.666666666666668,27.733333333333334,8.333333333333334,127.5
2019-01-18 18:00:00,52.833333333333336,25.75,16.833333333333332,115.0
2019-01-19 00:00:00,45.0,23.366666666666664,16.0,117.5
2019-01-19 06:00:00,40.666666666666664,25.0,13.166666666666666,107.5
2019-01-19 12:00:00,38.83333333333333,31.95,12.666666666666666,77.5
2019-01-19 18:00:00,59.833333333333336,28.683333333333334,14.0,69.16666666666667
2019-01-20 00:00:00,69.66666666666667,25.96666666666667,14.333333333333334,74.16666666666667
2019-01-20 06:00:00,82.16666666666666,26.78333333333333,11.166666666666666,70.83333333333333
2019-01-20 12:00:00,40.5,33.55,13.333333333333334,52.5
2019-01-20 18:00:00,80.50000000000001,30.099999999999998,13.166666666666666,66.66666666666667
2019-01-21 00:00:00,85.5,26.633333333333336,7.5,79.16666666666667
2019-01-21 06:00:00,78.99999999999999,26.833333333333332,5.5,69.16666666666667
2019-01-21 12:00:00,35.333333333333336,33.916666666666664,13.666666666666666,40.0
2019-01-21 18:00:00,49.833333333333336,29.483333333333334,19.166666666666668,60.833333333333336
2019-01-22 00:00:00,48.333333333333336,25.849999999999998,17.666666666666668,54.166666666666664
2019-01-22 06:00:00,40.5,26.3,13.5,92.5
2019-01-22 12:00:00,27.452380952380953,31.983333333333334,11.833333333333334,71.66666666666667
2019-01-22 18:00:00,30.28571428571429,27.8,15.333333333333334,79.16666666666667
2019-01-23 00:00:00,33.714285714285715,24.150000000000002,7.333333333333333,95.83333333333333
2019-01-23 06:00:00,36.54761904761905,24.55,7.333333333333333,204.16666666666666
2019-01-23 12:00:00,38.166666666666664,31.433333333333337,14.666666666666666,52.5
2019-01-23 18:00:00,75.83333333333333,27.183333333333334,16.333333333333332,68.33333333333333
2019-01-24 00:00:00,77.66666666666664,23.7,14.333333333333334,66.66666666666667
2019-01-24 06:00:00,92.49999999999999,24.75,10.833333333333334,62.5
2019-01-24 12:00:00,42.49999999999999,33.083333333333336,9.666666666666666,67.5
2019-01-24 18:00:00,82.0,28.349999999999998,6.833333333333333,80.83333333333333
2019-01-25 00:00:00,91.5,24.299999999999997,3.1666666666666665,39.166666666666664
2019-01-25 06:00:00,100.49999999999999,25.166666666666668,6.666666666666667,37.5
2019-01-25 12:00:00,52.166666666666664,32.93333333333334,13.0,70.83333333333333
2019-01-25 18:00:00,88.33333333333331,28.616666666666664,18.0,77.5
2019-01-26 00:00:00,92.83333333333333,25.183333333333334,17.333333333333332,65.0
2019-01-26 06:00:00,52.333333333333336,24.566666666666666,19.5,63.333333333333336
2019-01-26 12:00:00,39.666666666666664,30.633333333333336,22.0,75.0
2019-01-26 18:00:00,78.83333333333333,26.599999999999998,28.333333333333332,71.66666666666667
2019-01-27 00:00:00,51.166666666666664,23.483333333333334,17.166666666666668,100.0
2019-01-27 06:00:00,33.166666666666664,23.650000000000002,7.5,68.33333333333333
2019-01-27 12:00:00,30.166666666666668,30.483333333333334,16.5,60.0
2019-01-27 18:00:00,75.16666666666667,26.483333333333334,24.5,71.66666666666667
2019-01-28 00:00:00,75.5,23.0,16.833333333333332,75.0
2019-01-28 06:00:00,64.5,23.45,8.5,53.333333333333336
2019-01-28 12:00:00,42.833333333333336,31.599999999999998,15.0,48.333333333333336
2019-01-28 18:00:00,59.166666666666664,27.349999999999998,12.833333333333334,39.166666666666664
2019-01-29 00:00:00,65.16666666666666,23.833333333333332,10.166666666666666,36.666666666666664
2019-01-29 06:00:00,68.83333333333333,24.466666666666665,7.666666666666667,49.166666666666664
2019-01-29 12:00:00,46.666666666666664,32.333333333333336,8.833333333333334,73.33333333333333
2019-01-29 18:00:00,83.16666666666667,28.483333333333334,8.833333333333334,155.0
2019-01-30 00:00:00,96.50000000000001,25.183333333333334,6.833333333333333,168.33333333333334
2019-01-30 06:00:00,108.16666666666667,26.5,10.0,137.5
2019-01-30 12:00:00,61.5,33.31666666666667,5.166666666666667,104.16666666666667
2019-01-30 18:00:00,99.5,29.900000000000002,5.0,75.0
2019-01-31 00:00:00,112.33333333333333,26.416666666666668,9.833333333333334,83.33333333333333
2019-01-31 06:00:00,135.16666666666666,27.316666666666666,11.833333333333334,79.16666666666667
2019-01-31 12:00:00,67.33333333333333,34.31666666666667,13.5,65.0
2019-01-31 18:00:00,98.83333333333333,30.816666666666666,18.166666666666668,52.5
2019-02-01 00:00:00,93.0,27.03333333333333,25.666666666666668,36.666666666666664
2019-02-01 06:00:00,68.49999999999999,26.55,24.0,38.333333333333336
2019-02-01 12:00:00,47.5,32.733333333333334,22.5,61.666666666666664
2019-02-01 18:00:00,95.00000000000001,29.28333333333333,22.166666666666668,71.66666666666667
2019-02-02 00:00:00,84.33333333333334,25.96666666666667,22.333333333333332,61.666666666666664
2019-02-02 06:00:00,71.99999999999999,26.766666666666666,13.0,65.83333333333333
2019-02-02 12:00:00,47.666666666666664,33.71666666666667,8.666666666666666,71.66666666666667
2019-02-02 18:00:00,69.83333333333334,30.566666666666666,3.8333333333333335,55.0
2019-02-03 00:00:00,74.5,26.983333333333334,6.5,99.16666666666667
2019-02-03 06:00:00,53.0,27.349999999999998,11.833333333333334,135.83333333333334
2019-02-03 12:00:00,37.5,34.85,14.666666666666666,175.83333333333334
2019-02-03 18:00:00,73.50000000000001,31.75,8.166666666666666,213.33333333333334
2019-02-04 00:00:00,85.33333333333333,28.03333333333333,8.5,135.83333333333334
2019-02-04 06:00:00,72.0,28.400000000000002,11.166666666666666,109.16666666666667
2019-02-04 12:00:00,39.166666666666664,35.68333333333334,5.833333333333333,109.16666666666667
2019-02-04 18:00:00,64.33333333333333,32.5,11.333333333333334,85.83333333333333
2019-02-05 00:00:00,85.83333333333333,28.166666666666668,14.5,214.16666666666666
2019-02-05 06:00:00,47.666666666666664,28.083333333333332,15.5,230.0
2019-02-05 12:00:00,45.5,35.81666666666667,12.166666666666666,210.83333333333334
2019-02-05 18:00:00,77.5,32.5,14.0,220.0
2019-02-06 00:00:00,37.99999999999999,27.900000000000002,19.166666666666668,216.66666666666666
2019-02-06 06:00:00,32.333333333333336,27.900000000000002,20.166666666666668,245.0
2019-02-06 12:00:00,37.5,34.56666666666667,13.833333333333334,229.16666666666666
2019-02-06 18:00:00,46.166666666666664,31.183333333333334,18.5,239.16666666666666
2019-02-07 00:00:00,32.666666666666664,27.016666666666666,37.666666666666664,275.8333333333333
2019-02-07 06:00:00,49.833333333333336,27.483333333333334,44.0,285.8333333333333
2019-02-07 12:00:00,35.166666666666664,34.4,43.166666666666664,284.1666666666667
2019-02-07 18:00:00,56.0,31.583333333333332,44.0,278.3333333333333
2019-02-08 00:00:00,50.166666666666664,27.3,75.66666666666667,273.3333333333333
2019-02-08 06:00:00,58.666666666666664,27.599999999999998,79.0,268.3333333333333
2019-02-08 12:00:00,37.49999999999999,35.56666666666667,77.0,278.3333333333333
2019-02-08 18:00:00,53.666666666666664,32.68333333333333,69.83333333333333,273.3333333333333
2019-02-09 00:00:00,54.50000000000001,28.55,48.0,280.8333333333333
2019-02-09 06:00:00,50.00000000000001,28.8,48.5,293.3333333333333
2019-02-09 12:00:00,33.5,36.11666666666667,45.5,285.8333333333333
2019-02-09 18:00:00,76.5,33.233333333333334,49.0,289.1666666666667
2019-02-10 00:00:00,43.99999999999999,28.96666666666667,11.166666666666666,237.5
2019-02-10 06:00:00,38.666666666666664,28.916666666666668,5.833333333333333,120.83333333333333
2019-02-10 12:00:00,35.833333333333336,34.88333333333333,7.0,133.33333333333334
2019-02-10 18:00:00,55.666666666666664,32.63333333333333,6.5,142.5
2019-02-11 00:00:00,50.33333333333334,28.099999999999998,30.666666666666668,112.5
2019-02-11 06:00:00,61.50000000000001,28.55,35.666666666666664,102.5
2019-02-11 12:00:00,42.5,34.53333333333333,24.0,115.83333333333333
2019-02-11 18:00:00,47.0,31.8,15.833333333333334,122.5
2019-02-12 00:00:00,51.00000000000001,27.450000000000003,34.166666666666664,80.83333333333333
2019-02-12 06:00:00,71.83333333333333,28.166666666666668,41.666666666666664,68.33333333333333
2019-02-12 12:00:00,65.99999999999999,34.43333333333333,41.166666666666664,83.33333333333333
2019-02-12 18:00:00,63.166666666666664,31.816666666666666,40.166666666666664,75.0
2019-02-13 00:00:00,73.66666666666667,28.599999999999998,24.5,74.16666666666667
2019-02-13 06:00:00,84.5,29.0,14.333333333333334,84.16666666666667
2019-02-13 12:00:00,55.166666666666664,35.46666666666667,11.333333333333334,72.5
2019-02-13 18:00:00,87.83333333333333,32.266666666666666,15.0,74.16666666666667
2019-02-14 00:00:00,104.25000000000001,28.366666666666664,8.833333333333334,91.66666666666667
2019-02-14 06:00:00,69.33333333333333,28.200000000000003,19.0,75.83333333333333
2019-02-14 12:00:00,46.833333333333336,34.15,12.0,89.16666666666667
2019-02-14 18:00:00,61.99999999999999,31.516666666666666,11.166666666666666,61.666666666666664
2019-02-15 00:00:00,51.0,27.316666666666666,15.666666666666666,38.333333333333336
2019-02-15 06:00:00,45.166666666666664,27.7,19.166666666666668,86.66666666666667
2019-02-15 12:00:00,42.333333333333336,33.31666666666667,12.333333333333334,121.66666666666667
2019-02-15 18:00:00,53.33333333333334,31.133333333333336,7.5,74.16666666666667
2019-02-16 00:00:00,46.833333333333336,27.0,12.166666666666666,83.33333333333333
2019-02-16 06:00:00,50.83333333333332,27.766666666666666,16.166666666666668,118.33333333333333
2019-02-16 12:00:00,40.166666666666664,32.93333333333333,12.0,166.66666666666666
2019-02-16 18:00:00,45.5,30.0,9.5,199.16666666666666
2019-02-17 00:00:00,26.333333333333332,26.383333333333336,13.833333333333334,180.0
2019-02-17 06:00:00,34.0,27.266666666666666,23.333333333333332,217.5
2019-02-17 12:00:00,31.0,33.0,19.833333333333332,222.5
2019-02-17 18:00:00,43.166666666666664,30.333333333333332,20.666666666666668,225.0
2019-02-18 00:00:00,39.166666666666664,26.583333333333332,22.5,240.0
2019-02-18 06:00:00,36.83333333333333,27.016666666666666,23.833333333333332,242.5
2019-02-18 12:00:00,28.0,33.28333333333333,16.666666666666668,220.0
2019-02-18 18:00:00,41.833333333333336,30.25,10.0,217.5
2019-02-19 00:00:00,30.5,26.28333333333333,13.166666666666666,209.16666666666666
2019-02-19 06:00:00,37.0,26.833333333333332,19.5,185.83333333333334
2019-02-19 12:00:00,21.166666666666668,33.833333333333336,16.0,185.83333333333334
2019-02-19 18:00:00,28.833333333333332,30.7,8.166666666666666,180.0
2019-02-20 00:00:00,30.5,26.866666666666664,7.166666666666667,185.0
2019-02-20 06:00:00,49.666666666666664,27.266666666666666,9.5,144.16666666666666
2019-02-20 12:00:00,21.833333333333332,33.55,8.833333333333334,161.66666666666666
2019-02-20 18:00:00,32.33333333333333,31.21666666666667,5.666666666666667,136.66666666666666
2019-02-21 00:00:00,46.166666666666664,27.483333333333334,10.666666666666666,108.33333333333333
2019-02-21 06:00:00,46.666666666666664,27.96666666666667,10.333333333333334,110.83333333333333
2019-02-21 12:00:00,29.333333333333332,34.666666666666664,5.166666666666667,120.0
2019-02-21 18:00:00,43.0,32.550000000000004,5.833333333333333,105.0
2019-02-22 00:00:00,39.0,28.46666666666667,4.5,110.83333333333333
2019-02-22 06:00:00,60.16666666666666,28.416666666666668,5.166666666666667,133.33333333333334
2019-02-22 12:00:00,32.0,34.583333333333336,6.5,168.33333333333334
2019-02-22 18:00:00,36.166666666666664,32.166666666666664,10.833333333333334,199.16666666666666
2019-02-23 00:00:00,26.666666666666668,27.566666666666666,16.0,240.83333333333334
2019-02-23 06:00:00,46.16666666666668,28.399999999999995,14.666666666666666,230.0
2019-02-23 12:00:00,33.0,35.85,14.166666666666666,223.33333333333334
2019-02-23 18:00:00,56.333333333333336,33.166666666666664,10.833333333333334,227.5
2019-02-24 00:00:00,34.0,28.150000000000002,9.166666666666666,257.5
2019-02-24 06:00:00,33.666666666666664,28.46666666666667,6.5,246.66666666666666
2019-02-24 12:00:00,34.833333333333336,35.18333333333333,7.333333333333333,191.66666666666666
2019-02-24 18:00:00,52.0,32.71666666666666,4.833333333333333,145.0
2019-02-25 00:00:00,27.5,28.3,6.333333333333333,123.33333333333333
2019-02-25 06:00:00,28.333333333333332,28.849999999999998,16.666666666666668,152.5
2019-02-25 12:00:00,36.166666666666664,35.13333333333333,14.0,164.16666666666666
2019-02-25 18:00:00,33.333333333333336,31.616666666666664,7.333333333333333,183.33333333333334
2019-02-26 00:00:00,37.49999999999999,27.633333333333336,11.333333333333334,157.5
2019-02-26 06:00:00,50.333333333333336,28.333333333333332,10.0,158.33333333333334
2019-02-26 12:00:00,32.666666666666664,34.416666666666664,9.833333333333334,172.5
2019-02-26 18:00:00,35.666666666666664,30.666666666666668,6.0,128.33333333333334
2019-02-27 00:00:00,46.666666666666664,27.01666666666667,14.666666666666666,82.5
2019-02-27 06:00:00,56.166666666666664,27.733333333333334,25.166666666666668,113.33333333333333
2019-02-27 12:00:00,36.166666666666664,33.28333333333333,10.833333333333334,125.83333333333333
2019-02-27 18:00:00,56.66666666666666,31.233333333333334,6.5,102.5
2019-02-28 00:00:00,65.16666666666667,27.900000000000002,12.5,110.83333333333333
2019-02-28 06:00:00,54.83333333333332,28.233333333333334,17.833333333333332,132.5
2019-02-28 12:00:00,45.5,34.449999999999996,14.5,150.83333333333334
2019-02-28 18:00:00,49.166666666666664,31.650000000000002,8.5,195.0
2019-03-01 00:00:00,40.333333333333336,27.55,12.166666666666666,74.16666666666667
2019-03-01 06:00:00,54.333333333333336,28.3,12.833333333333334,59.166666666666664
2019-03-01 12:00:00,36.5,35.1,12.166666666666666,75.83333333333333
2019-03-01 18:00:00,41.666666666666664,32.199999999999996,13.5,71.66666666666667
2019-03-02 00:00:00,43.166666666666664,28.200000000000003,7.166666666666667,35.0
2019-03-02 06:00:00,44.833333333333336,28.683333333333334,6.5,71.66666666666667
2019-03-02 12:00:00,39.83333333333333,35.35,3.8333333333333335,87.5
2019-03-02 18:00:00,41.5,32.483333333333334,7.666666666666667,23.333333333333332
2019-03-03 00:00:00,40.166666666666664,28.016666666666666,8.0,173.33333333333334
2019-03-03 06:00:00,36.666666666666664,28.866666666666664,13.833333333333334,201.66666666666666
2019-03-03 12:00:00,40.666666666666664,35.25,11.666666666666666,207.5
2019-03-03 18:00:00,53.0,32.300000000000004,9.333333333333334,220.0
2019-03-04 00:00:00,31.5,28.03333333333333,7.333333333333333,164.16666666666666
2019-03-04 06:00:00,29.166666666666668,28.599999999999998,9.0,120.0
2019-03-04 12:00:00,35.0,35.06666666666666,6.333333333333333,180.83333333333334
2019-03-04 18:00:00,30.666666666666668,31.849999999999998,6.0,184.16666666666666
2019-03-05 00:00:00,41.166666666666664,27.5,18.333333333333332,199.16666666666666
2019-03-05 06:00:00,53.00000000000001,28.450000000000003,13.666666666666666,229.16666666666666
2019-03-05 12:00:00,41.333333333333336,35.23333333333333,14.833333333333334,211.66666666666666
2019-03-05 18:00:00,42.833333333333336,31.216666666666665,19.0,230.83333333333334
2019-03-06 00:00:00,50.833333333333336,26.916666666666668,18.166666666666668,235.83333333333334
2019-03-06 06:00:00,57.333333333333336,27.883333333333336,13.5,232.5
2019-03-06 12:00:00,34.166666666666664,35.86666666666667,6.333333333333333,230.0
2019-03-06 18:00:00,59.50000000000001,32.1,7.5,242.5
2019-03-07 00:00:00,33.5,27.05,52.666666666666664,274.1666666666667
2019-03-07 06:00:00,35.666666666666664,27.900000000000002,63.5,284.1666666666667
2019-03-07 12:00:00,24.333333333333332,35.81666666666667,65.0,280.8333333333333
2019-03-07 18:00:00,35.0,32.13333333333333,64.16666666666667,270.0
2019-03-08 00:00:00,40.5,26.433333333333334,77.33333333333333,273.3333333333333
2019-03-08 06:00:00,42.833333333333336,27.46666666666667,75.33333333333333,280.8333333333333
2019-03-08 12:00:00,34.166666666666664,36.199999999999996,79.66666666666667,278.3333333333333
2019-03-08 18:00:00,47.166666666666664,32.3,56.0,279.1666666666667
2019-03-09 00:00:00,64.66666666666666,26.5,57.166666666666664,285.0
2019-03-09 06:00:00,41.50000000000001,27.833333333333332,57.833333333333336,287.5
2019-03-09 12:00:00,34.0,35.699999999999996,54.166666666666664,291.6666666666667
2019-03-09 18:00:00,36.33333333333333,31.416666666666668,42.833333333333336,292.5
2019-03-10 00:00:00,36.49999999999999,26.45,10.666666666666666,173.33333333333334
2019-03-10 06:00:00,35.833333333333336,28.05,9.166666666666666,113.33333333333333
2019-03-10 12:00:00,31.0,35.449999999999996,6.333333333333333,141.66666666666666
2019-03-10 18:00:00,41.333333333333336,31.53333333333333,7.333333333333333,154.16666666666666
2019-03-11 00:00:00,46.83333333333334,26.650000000000002,13.833333333333334,112.5
2019-03-11 06:00:00,35.166666666666664,27.833333333333332,20.333333333333332,75.83333333333333
2019-03-11 12:00:00,34.83333333333333,35.81666666666666,20.5,80.83333333333333
2019-03-11 18:00:00,65.33333333333333,31.849999999999998,29.666666666666668,84.16666666666667
2019-03-12 00:00:00,67.33333333333334,25.866666666666664,34.333333333333336,89.16666666666667
2019-03-12 06:00:00,77.5,27.28333333333333,24.333333333333332,92.5
2019-03-12 12:00:00,47.666666666666664,36.81666666666667,32.0,75.83333333333333
2019-03-12 18:00:00,100.16666666666664,32.06666666666667,40.333333333333336,61.666666666666664
2019-03-13 00:00:00,107.33333333333333,26.633333333333336,24.333333333333332,185.83333333333334
2019-03-13 06:00:00,109.66666666666669,27.933333333333334,23.333333333333332,212.5
2019-03-13 12:00:00,48.333333333333336,36.3,20.0,215.83333333333334
2019-03-13 18:00:00,59.166666666666664,32.11666666666667,12.833333333333334,224.16666666666666
2019-03-14 00:00:00,58.333333333333336,26.46666666666667,13.5,219.16666666666666
2019-03-14 06:00:00,56.50000000000001,28.183333333333334,14.0,196.66666666666666
2019-03-14 12:00:00,40.333333333333336,36.5,14.666666666666666,194.16666666666666
2019-03-14 18:00:00,46.333333333333336,32.833333333333336,8.666666666666666,176.66666666666666
2019-03-15 00:00:00,32.0,27.833333333333332,6.666666666666667,178.33333333333334
2019-03-15 06:00:00,42.166666666666664,28.95,8.666666666666666,133.33333333333334
2019-03-15 12:00:00,27.666666666666668,35.9,4.833333333333333,128.33333333333334
2019-03-15 18:00:00,40.99999999999999,33.06666666666667,8.833333333333334,50.0
2019-03-16 00:00:00,59.0,29.366666666666664,9.166666666666666,30.0
2019-03-16 06:00:00,61.666666666666664,28.766666666666666,8.833333333333334,95.0
2019-03-16 12:00:00,39.666666666666664,33.15,12.833333333333334,100.0
2019-03-16 18:00:00,48.666666666666664,30.5,19.666666666666668,70.0
2019-03-17 00:00:00,51.00000000000001,27.316666666666666,19.0,90.83333333333333
2019-03-17 06:00:00,60.83333333333332,29.233333333333334,20.666666666666668,107.5
2019-03-17 12:00:00,41.0,36.550000000000004,14.333333333333334,95.83333333333333
2019-03-17 18:00:00,56.0,33.61666666666667,14.166666666666666,74.16666666666667
2019-03-18 00:00:00,54.833333333333336,29.016666666666666,10.833333333333334,70.0
2019-03-18 06:00:00,56.50000000000001,30.266666666666666,15.5,107.5
2019-03-18 12:00:00,39.166666666666664,36.583333333333336,13.0,133.33333333333334
2019-03-18 18:00:00,37.833333333333336,32.833333333333336,7.0,120.83333333333333
2019-03-19 00:00:00,35.833333333333336,28.416666666666668,10.333333333333334,125.0
2019-03-19 06:00:00,50.333333333333336,29.650000000000002,12.0,155.83333333333334
2019-03-19 12:00:00,53.50000000000001,35.9,16.5,178.33333333333334
2019-03-19 18:00:00,40.166666666666664,32.65,9.5,206.66666666666666
2019-03-20 00:00:00,48.0,28.2,8.666666666666666,175.83333333333334
2019-03-20 06:00:00,55.16666666666668,29.299999999999997,12.0,160.83333333333334
2019-03-20 12:00:00,44.833333333333336,35.949999999999996,13.0,185.83333333333334
2019-03-20 18:00:00,52.666666666666664,32.449999999999996,10.0,251.66666666666666
2019-03-21 00:00:00,42.833333333333336,28.099999999999998,13.833333333333334,230.83333333333334
2019-03-21 06:00:00,43.5,29.45,13.5,245.83333333333334
2019-03-21 12:00:00,46.666666666666664,37.01666666666667,8.0,228.33333333333334
2019-03-21 18:00:00,54.5,33.949999999999996,6.666666666666667,251.66666666666666
2019-03-22 00:00:00,41.833333333333336,29.400000000000002,14.333333333333334,242.5
2019-03-22 06:00:00,28.5,30.26666666666667,17.666666666666668,243.33333333333334
2019-03-22 12:00:00,25.333333333333332,37.233333333333334,13.0,243.33333333333334
2019-03-22 18:00:00,75.83333333333333,33.666666666666664,13.166666666666666,241.66666666666666
2019-03-23 00:00:00,55.5,28.95,12.666666666666666,253.33333333333334
2019-03-23 06:00:00,61.166666666666664,30.21666666666667,4.333333333333333,227.5
2019-03-23 12:00:00,41.333333333333336,37.88333333333333,4.5,170.83333333333334
2019-03-23 18:00:00,79.33333333333333,35.06666666666667,8.333333333333334,206.66666666666666
2019-03-24 00:00:00,55.16666666666666,30.0,11.0,214.16666666666666
2019-03-24 06:00:00,43.0,30.583333333333332,11.166666666666666,172.5
2019-03-24 12:00:00,31.166666666666668,36.78333333333333,7.333333333333333,154.16666666666666
2019-03-24 18:00:00,39.5,33.28333333333333,5.333333333333333,155.83333333333334
2019-03-25 00:00:00,27.16666666666666,29.400000000000002,9.166666666666666,75.0
2019-03-25 06:00:00,61.833333333333336,30.53333333333333,14.333333333333334,95.83333333333333
2019-03-25 12:00:00,19.666666666666668,34.483333333333334,12.333333333333334,124.16666666666667
2019-03-25 18:00:00,16.666666666666668,30.166666666666668,21.666666666666668,121.66666666666667
2019-03-26 00:00:00,27.99999999999999,27.900000000000002,18.5,125.83333333333333
2019-03-26 06:00:00,43.833333333333336,29.71666666666667,25.166666666666668,117.5
2019-03-26 12:00:00,39.00000000000001,35.699999999999996,16.0,113.33333333333333
2019-03-26 18:00:00,44.5,33.0,17.0,120.83333333333333
2019-03-27 00:00:00,20.0,28.616666666666664,20.166666666666668,112.5
2019-03-27 06:00:00,44.166666666666664,29.633333333333336,25.333333333333332,122.5
2019-03-27 12:00:00,9.0,35.5,10.5,172.5
2019-03-27 18:00:00,29.833333333333332,32.61666666666667,12.666666666666666,235.0
2019-03-28 00:00:00,21.0,28.683333333333334,7.833333333333333,219.16666666666666
2019-03-28 06:00:00,32.0,29.816666666666666,9.5,175.83333333333334
2019-03-28 12:00:00,24.666666666666668,35.46666666666667,12.833333333333334,216.66666666666666
2019-03-28 18:00:00,27.666666666666668,33.199999999999996,13.5,234.16666666666666
2019-03-29 00:00:00,11.833333333333334,29.55,14.333333333333334,222.5
2019-03-29 06:00:00,12.5,30.2,18.833333333333332,232.5
2019-03-29 12:00:00,18.5,36.016666666666666,16.166666666666668,223.33333333333334
2019-03-29 18:00:00,36.666666666666664,33.28333333333333,11.0,244.16666666666666
2019-03-30 00:00:00,36.50000000000001,28.900000000000002,7.5,265.8333333333333
2019-03-30 06:00:00,40.166666666666664,29.916666666666668,7.666666666666667,202.5
2019-03-30 12:00:00,14.166666666666666,36.21666666666667,9.5,194.16666666666666
2019-03-30 18:00:00,31.33333333333334,33.3,6.833333333333333,235.83333333333334
2019-03-31 00:00:00,36.333333333333336,29.333333333333332,5.666666666666667,196.66666666666666
2019-03-31 06:00:00,36.166666666666664,30.350000000000005,5.166666666666667,202.5
2019-03-31 12:00:00,24.166666666666668,36.56666666666667,6.666666666666667,185.0
2019-03-31 18:00:00,31.16666666666666,33.449999999999996,6.166666666666667,115.83333333333333
2019-04-01 00:00:00,17.666666666666668,29.100000000000005,13.5,85.0
2019-04-01 06:00:00,39.833333333333336,30.233333333333334,32.0,102.5
2019-04-01 12:00:00,12.333333333333334,36.083333333333336,35.166666666666664,96.66666666666667
2019-04-01 18:00:00,30.166666666666668,33.016666666666666,34.333333333333336,110.83333333333333
2019-04-02 00:00:00,16.666666666666664,28.566666666666666,16.666666666666668,41.666666666666664
2019-04-02 06:00:00,44.333333333333336,30.28333333333333,12.833333333333334,61.666666666666664
2019-04-02 12:00:00,26.26666666666667,35.53333333333333,8.5,55.0
2019-04-02 18:00:00,52.23333333333333,32.78333333333334,11.333333333333334,29.166666666666668
2019-04-03 00:00:00,35.333333333333336,28.950000000000003,10.166666666666666,183.33333333333334
2019-04-03 06:00:00,56.16666666666668,30.2,15.5,202.5
2019-04-03 12:00:00,27.0,35.05,21.333333333333332,198.33333333333334
2019-04-03 18:00:00,33.333333333333336,32.25,17.833333333333332,202.5
2019-04-04 00:00:00,35.0,28.650000000000002,9.166666666666666,136.66666666666666
2019-04-04 06:00:00,59.0,29.916666666666668,6.666666666666667,103.33333333333333
2019-04-04 12:00:00,24.700000000000003,35.75,3.3333333333333335,110.0
2019-04-04 18:00:00,36.46666666666667,33.06666666666667,5.666666666666667,41.666666666666664
2019-04-05 00:00:00,50.333333333333336,28.933333333333334,15.166666666666666,190.0
2019-04-05 06:00:00,48.666666666666664,30.150000000000002,16.833333333333332,245.0
2019-04-05 12:00:00,24.0,36.166666666666664,10.166666666666666,221.66666666666666
2019-04-05 18:00:00,20.833333333333332,33.550000000000004,19.5,220.0
2019-04-06 00:00:00,38.666666666666664,29.28333333333333,13.0,229.16666666666666
2019-04-06 06:00:00,42.333333333333336,30.55,8.333333333333334,205.83333333333334
2019-04-06 12:00:00,22.666666666666668,36.88333333333333,5.833333333333333,259.1666666666667
2019-04-06 18:00:00,34.666666666666664,33.6,6.666666666666667,275.0
2019-04-07 00:00:00,18.333333333333332,29.683333333333334,56.5,261.6666666666667
2019-04-07 06:00:00,35.166666666666664,30.416666666666668,56.833333333333336,263.3333333333333
2019-04-07 12:00:00,21.833333333333332,35.36666666666667,52.833333333333336,267.5
2019-04-07 18:00:00,21.0,32.35,52.833333333333336,255.83333333333334
2019-04-08 00:00:00,27.166666666666668,28.933333333333334,65.5,271.6666666666667
2019-04-08 06:00:00,29.833333333333332,30.46666666666667,76.16666666666667,284.1666666666667
2019-04-08 12:00:00,19.833333333333332,36.766666666666666,70.16666666666667,272.5
2019-04-08 18:00:00,30.166666666666668,34.050000000000004,57.0,263.3333333333333
2019-04-09 00:00:00,30.166666666666668,29.75,43.166666666666664,280.8333333333333
2019-04-09 06:00:00,38.0,31.01666666666667,45.833333333333336,289.1666666666667
2019-04-09 12:00:00,24.333333333333332,36.88333333333333,47.166666666666664,285.8333333333333
2019-04-09 18:00:00,23.666666666666668,34.3,44.5,279.1666666666667
2019-04-10 00:00:00,16.166666666666664,30.25,10.833333333333334,223.33333333333334
2019-04-10 06:00:00,27.0,31.516666666666666,6.666666666666667,137.5
2019-04-10 12:00:00,25.666666666666668,37.5,5.833333333333333,142.5
2019-04-10 18:00:00,31.166666666666668,34.699999999999996,7.0,148.33333333333334
2019-04-11 00:00:00,26.0,30.5,30.0,94.16666666666667
2019-04-11 06:00:00,20.499999999999996,31.7,28.833333333333332,67.5
2019-04-11 12:00:00,19.666666666666664,38.0,28.166666666666668,73.33333333333333
2019-04-11 18:00:00,20.833333333333332,34.81666666666667,25.333333333333332,84.16666666666667
2019-04-12 00:00:00,19.999999999999996,30.5,31.166666666666668,57.5
2019-04-12 06:00:00,15.33333333333333,31.8,35.5,68.33333333333333
2019-04-12 12:00:00,32.0,38.18333333333333,40.666666666666664,72.5
2019-04-12 18:00:00,23.166666666666668,35.0,51.0,60.833333333333336
2019-04-13 00:00:00,24.833333333333332,30.650000000000002,20.166666666666668,181.66666666666666
2019-04-13 06:00:00,9.166666666666666,32.050000000000004,14.5,184.16666666666666
2019-04-13 12:00:00,19.5,38.050000000000004,13.5,188.33333333333334
2019-04-13 18:00:00,22.0,34.666666666666664,6.666666666666667,220.83333333333334
2019-04-14 00:00:00,14.666666666666666,30.816666666666666,11.833333333333334,179.16666666666666
2019-04-14 06:00:00,15.333333333333334,31.95,12.5,177.5
2019-04-14 12:00:00,11.833333333333334,37.550000000000004,11.666666666666666,179.16666666666666
2019-04-14 18:00:00,7.633598830218502,34.0,3.6666666666666665,208.33333333333334
2019-04-15 00:00:00,10.333333333333334,30.8,13.5,145.0
2019-04-15 06:00:00,9.500000000000002,31.866666666666664,19.0,180.83333333333334
2019-04-15 12:00:00,14.499999999999998,37.85,16.666666666666668,180.83333333333334
2019-04-15 18:00:00,10.333333333333332,33.93333333333333,10.833333333333334,195.0
2019-04-16 00:00:00,13.999999999999998,30.099999999999998,12.333333333333334,200.83333333333334
2019-04-16 06:00:00,12.999999999999998,31.433333333333334,10.666666666666666,172.5
2019-04-16 12:00:00,19.0,38.4,11.0,176.66666666666666
2019-04-16 18:00:00,22.333333333333332,34.85,7.166666666666667,219.16666666666666
2019-04-17 00:00:00,13.166666666666666,30.55,4.333333333333333,189.16666666666666
2019-04-17 06:00:00,14.5,32.083333333333336,13.0,159.16666666666666
2019-04-17 12:00:00,20.166666666666668,38.65,13.833333333333334,180.83333333333334
2019-04-17 18:00:00,17.166666666666668,35.45,6.0,241.66666666666666
2019-04-18 00:00:00,13.83333333333333,30.933333333333334,10.166666666666666,193.33333333333334
2019-04-18 06:00:00,17.5,32.233333333333334,11.0,186.66666666666666
2019-04-18 12:00:00,39.666666666666664,38.233333333333334,14.166666666666666,202.5
2019-04-18 18:00:00,30.999999999999996,34.51666666666667,12.666666666666666,251.66666666666666
2019-04-19 00:00:00,18.666666666666668,30.600000000000005,13.0,240.0
2019-04-19 06:00:00,15.0,32.416666666666664,17.833333333333332,236.66666666666666
2019-04-19 12:00:00,26.666666666666668,39.03333333333333,18.166666666666668,222.5
2019-04-19 18:00:00,33.83333333333333,35.050000000000004,22.5,250.0
2019-04-20 00:00:00,18.333333333333332,30.816666666666666,24.166666666666668,263.3333333333333
2019-04-20 06:00:00,15.5,32.583333333333336,13.666666666666666,275.0
2019-04-20 12:00:00,42.166666666666664,39.449999999999996,10.333333333333334,227.5
2019-04-20 18:00:00,36.33333333333333,35.68333333333333,12.833333333333334,225.83333333333334
2019-04-21 00:00:00,31.666666666666668,30.733333333333334,14.0,221.66666666666666
2019-04-21 06:00:00,26.5,32.333333333333336,18.666666666666668,185.83333333333334
2019-04-21 12:00:00,38.0,38.550000000000004,17.333333333333332,188.33333333333334
2019-04-21 18:00:00,25.5,35.166666666666664,7.166666666666667,193.33333333333334
2019-04-22 00:00:00,21.166666666666668,30.916666666666668,7.333333333333333,178.33333333333334
2019-04-22 06:00:00,31.166666666666668,32.61666666666667,13.833333333333334,143.33333333333334
2019-04-22 12:00:00,27.833333333333332,38.03333333333333,14.833333333333334,155.83333333333334
2019-04-22 18:00:00,39.666666666666664,33.6,15.5,115.83333333333333
2019-04-23 00:00:00,10.833333333333334,29.916666666666668,17.666666666666668,115.83333333333333
2019-04-23 06:00:00,32.0,32.083333333333336,7.666666666666667,140.0
2019-04-23 12:00:00,23.833333333333332,38.88333333333333,7.666666666666667,144.16666666666666
2019-04-23 18:00:00,38.333333333333336,35.199999999999996,8.0,125.0
2019-04-24 00:00:00,41.833333333333336,31.316666666666663,6.833333333333333,110.0
2019-04-24 06:00:00,52.66666666666666,32.75,8.666666666666666,107.5
2019-04-24 12:00:00,36.46666666666667,39.583333333333336,5.166666666666667,108.33333333333333
2019-04-24 18:00:00,36.199999999999996,36.016666666666666,4.666666666666667,121.66666666666667
2019-04-25 00:00:00,28.5,32.45,7.333333333333333,87.5
2019-04-25 06:00:00,39.5,33.083333333333336,3.5,130.83333333333334
2019-04-25 12:00:00,25.25,38.63333333333333,4.833333333333333,199.16666666666666
2019-04-25 18:00:00,18.166666666666668,35.6,5.0,246.66666666666666
2019-04-26 00:00:00,19.80026549688517,31.5,8.833333333333334,280.0
2019-04-26 06:00:00,48.5,32.800000000000004,6.833333333333333,229.16666666666666
2019-04-26 12:00:00,33.833333333333336,38.31666666666666,7.166666666666667,173.33333333333334
2019-04-26 18:00:00,26.333333333333332,34.416666666666664,6.0,166.66666666666666
2019-04-27 00:00:00,29.166666666666668,30.166666666666668,6.666666666666667,179.16666666666666
2019-04-27 06:00:00,53.0,32.016666666666666,10.666666666666666,187.5
2019-04-27 12:00:00,34.833333333333336,37.833333333333336,13.5,183.33333333333334
2019-04-27 18:00:00,32.166666666666664,34.166666666666664,15.833333333333334,200.0
2019-04-28 00:00:00,17.0,29.7,21.833333333333332,202.5
2019-04-28 06:00:00,35.99999999999999,31.53333333333333,22.166666666666668,203.33333333333334
2019-04-28 12:00:00,28.333333333333332,38.03333333333333,15.5,194.16666666666666
2019-04-28 18:00:00,16.499999999999996,34.56666666666667,9.5,183.33333333333334
2019-04-29 00:00:00,8.333333333333334,30.099999999999998,9.0,184.16666666666666
2019-04-29 06:00:00,21.333333333333332,31.7,14.666666666666666,164.16666666666666
2019-04-29 12:00:00,11.883598830218503,38.766666666666666,12.0,177.5
2019-04-29 18:00:00,9.300265496885169,34.4,10.0,195.83333333333334
2019-04-30 00:00:00,6.189154385774057,29.666666666666668,15.333333333333334,197.5
2019-04-30 06:00:00,30.5,31.916666666666668,16.333333333333332,209.16666666666666
2019-04-30 12:00:00,24.833333333333332,38.11666666666667,16.333333333333332,207.5
2019-04-30 18:00:00,8.466932163551833,33.78333333333333,21.0,228.33333333333334
2019-05-01 00:00:00,10.800265496885167,29.333333333333332,34.333333333333336,133.33333333333334
2019-05-01 06:00:00,20.333333333333332,31.25,37.5,100.0
2019-05-01 12:00:00,23.857142857142858,38.800000000000004,35.166666666666664,111.66666666666667
2019-05-01 18:00:00,21.857142857142858,35.36666666666667,30.5,109.16666666666667
2019-05-02 00:00:00,20.142857142857142,31.083333333333332,12.666666666666666,311.6666666666667
2019-05-02 06:00:00,18.428571428571427,32.35,11.166666666666666,238.33333333333334
2019-05-02 12:00:00,16.714285714285715,37.666666666666664,2.6666666666666665,125.83333333333333
2019-05-02 18:00:00,21.5,34.833333333333336,9.333333333333334,333.3333333333333
2019-05-03 00:00:00,23.666666666666668,31.766666666666666,22.333333333333332,235.0
2019-05-03 06:00:00,20.499999999999996,33.13333333333333,23.333333333333332,219.16666666666666
2019-05-03 12:00:00,18.833333333333332,38.56666666666667,22.833333333333332,211.66666666666666
2019-05-03 18:00:00,12.833333333333334,34.73333333333333,17.833333333333332,230.0
2019-05-04 00:00:00,34.66666666666667,30.71666666666667,13.0,98.33333333333333
2019-05-04 06:00:00,25.5,32.483333333333334,16.333333333333332,103.33333333333333
2019-05-04 12:00:00,22.833333333333332,38.4,9.0,117.5
2019-05-04 18:00:00,24.166666666666668,33.516666666666666,8.666666666666666,106.66666666666667
2019-05-05 00:00:00,22.5,29.650000000000002,24.333333333333332,210.0
2019-05-05 06:00:00,21.166666666666668,31.083333333333332,17.5,260.8333333333333
2019-05-05 12:00:00,20.666666666666668,36.78333333333333,6.666666666666667,245.0
2019-05-05 18:00:00,23.666666666666668,34.416666666666664,21.333333333333332,244.16666666666666
2019-05-06 00:00:00,32.833333333333336,29.666666666666668,9.5,241.66666666666666
2019-05-06 06:00:00,22.166666666666668,31.150000000000002,10.166666666666666,170.0
2019-05-06 12:00:00,38.166666666666664,37.016666666666666,9.5,195.0
2019-05-06 18:00:00,51.5,34.516666666666666,7.0,246.66666666666666
2019-05-07 00:00:00,39.666666666666664,30.383333333333336,42.0,249.16666666666666
2019-05-07 06:00:00,39.666666666666664,30.849999999999998,54.333333333333336,252.5
2019-05-07 12:00:00,46.00000000000001,37.03333333333333,53.5,262.5
2019-05-07 18:00:00,37.00000000000001,33.85,49.166666666666664,269.1666666666667
2019-05-08 00:00:00,26.16666666666667,29.133333333333336,57.5,260.8333333333333
2019-05-08 06:00:00,33.166666666666664,30.46666666666667,61.5,262.5
2019-05-08 12:00:00,57.00000000000001,36.916666666666664,52.5,255.83333333333334
2019-05-08 18:00:00,17.5,33.166666666666664,49.666666666666664,257.5
2019-05-09 00:00:00,47.833333333333336,29.7,45.333333333333336,266.6666666666667
2019-05-09 06:00:00,37.833333333333336,30.333333333333332,56.166666666666664,271.6666666666667
2019-05-09 12:00:00,35.5,37.28333333333333,53.166666666666664,280.8333333333333
2019-05-09 18:00:00,18.0,33.28333333333333,52.166666666666664,280.0
2019-05-10 00:00:00,24.666666666666668,29.05,11.333333333333334,143.33333333333334
2019-05-10 06:00:00,27.0,30.400000000000002,9.833333333333334,61.666666666666664
2019-05-10 12:00:00,29.333333333333332,35.61666666666667,12.833333333333334,76.66666666666667
2019-05-10 18:00:00,26.83333333333333,31.7,20.0,82.5
2019-05-11 00:00:00,15.916666666666666,27.666666666666668,21.666666666666668,90.0
2019-05-11 06:00:00,43.0,29.683333333333334,15.0,92.5
2019-05-11 12:00:00,23.166666666666668,35.25,18.166666666666668,88.33333333333333
2019-05-11 18:00:00,34.5,31.55,16.333333333333332,84.16666666666667
2019-05-12 00:00:00,36.333333333333336,28.55,38.333333333333336,58.333333333333336
2019-05-12 06:00:00,31.999999999999996,30.166666666666668,38.833333333333336,70.0
2019-05-12 12:00:00,29.0,35.266666666666666,44.166666666666664,66.66666666666667
2019-05-12 18:00:00,17.0,30.049999999999997,52.833333333333336,59.166666666666664
2019-05-13 00:00:00,16.333333333333332,27.566666666666663,15.666666666666666,57.5
2019-05-13 06:00:00,28.666666666666668,29.21666666666667,13.0,22.5
2019-05-13 12:00:00,18.833333333333332,31.73333333333333,13.0,267.5
2019-05-13 18:00:00,35.333333333333336,28.233333333333334,11.5,229.16666666666666
2019-05-14 00:00:00,25.666666666666668,26.866666666666664,5.666666666666667,49.166666666666664
2019-05-14 06:00:00,20.666666666666668,28.2,4.5,257.5
2019-05-14 12:00:00,12.833333333333334,31.916666666666668,11.833333333333334,275.8333333333333
2019-05-14 18:00:00,24.0,29.133333333333336,14.0,286.6666666666667
2019-05-15 00:00:00,27.166666666666668,27.166666666666668,16.666666666666668,255.0
2019-05-15 06:00:00,25.0,29.333333333333332,18.333333333333332,244.16666666666666
2019-05-15 12:00:00,22.0,35.3,18.0,240.83333333333334
2019-05-15 18:00:00,27.333333333333332,31.583333333333332,17.333333333333332,260.0
2019-05-16 00:00:00,16.333333333333332,27.683333333333334,15.5,251.66666666666666
2019-05-16 06:00:00,27.166666666666668,29.71666666666667,13.666666666666666,254.16666666666666
2019-05-16 12:00:00,22.833333333333332,34.800000000000004,14.0,236.66666666666666
2019-05-16 18:00:00,24.0,31.400000000000002,21.0,253.33333333333334
2019-05-17 00:00:00,16.5,28.516666666666666,25.333333333333332,251.66666666666666
2019-05-17 06:00:00,24.0,29.900000000000002,22.833333333333332,260.8333333333333
2019-05-17 12:00:00,27.0,35.483333333333334,14.5,281.6666666666667
2019-05-17 18:00:00,30.666666666666668,32.800000000000004,15.666666666666666,264.1666666666667
2019-05-18 00:00:00,28.33333333333334,29.2,21.833333333333332,232.5
2019-05-18 06:00:00,22.166666666666668,30.650000000000002,23.833333333333332,234.16666666666666
2019-05-18 12:00:00,29.333333333333332,36.550000000000004,17.333333333333332,232.5
2019-05-18 18:00:00,37.166666666666664,33.266666666666666,22.5,244.16666666666666
2019-05-19 00:00:00,35.833333333333336,29.833333333333332,22.333333333333332,225.0
2019-05-19 06:00:00,29.666666666666668,31.150000000000002,18.833333333333332,223.33333333333334
2019-05-19 12:00:00,30.0,37.266666666666666,12.333333333333334,220.83333333333334
2019-05-19 18:00:00,32.666666666666664,33.81666666666667,15.833333333333334,211.66666666666666
2019-05-20 00:00:00,23.166666666666668,30.383333333333336,18.666666666666668,225.0
2019-05-20 06:00:00,32.0,31.73333333333333,8.5,225.0
2019-05-20 12:00:00,29.333333333333332,37.53333333333333,11.333333333333334,220.83333333333334
2019-05-20 18:00:00,24.666666666666668,33.71666666666667,14.833333333333334,219.16666666666666
2019-05-21 00:00:00,11.833333333333334,29.650000000000002,16.0,215.0
2019-05-21 06:00:00,20.833333333333332,31.266666666666666,9.333333333333334,215.0
2019-05-21 12:00:00,23.0,36.86666666666667,10.166666666666666,217.5
2019-05-21 18:00:00,27.33333333333334,33.516666666666666,11.666666666666666,236.66666666666666
2019-05-22 00:00:00,20.166666666666668,29.766666666666666,15.666666666666666,219.16666666666666
2019-05-22 06:00:00,26.166666666666668,29.900000000000002,10.5,259.1666666666667
2019-05-22 12:00:00,20.833333333333332,33.18333333333333,10.0,245.0
2019-05-22 18:00:00,15.333333333333334,30.166666666666668,11.5,285.0
2019-05-23 00:00:00,19.333333333333332,27.583333333333332,6.0,281.6666666666667
2019-05-23 06:00:00,28.0,29.966666666666665,6.0,208.33333333333334
2019-05-23 12:00:00,20.833333333333336,34.48333333333333,10.5,209.16666666666666
2019-05-23 18:00:00,18.5,29.416666666666668,16.0,236.66666666666666
2019-05-24 00:00:00,19.333333333333332,26.96666666666667,17.666666666666668,239.16666666666666
2019-05-24 06:00:00,10.333333333333334,29.349999999999998,19.0,253.33333333333334
2019-05-24 12:00:00,18.166666666666668,35.31666666666667,17.5,243.33333333333334
2019-05-24 18:00:00,19.666666666666668,31.53333333333333,21.333333333333332,240.0
2019-05-25 00:00:00,25.0,28.083333333333332,24.5,233.33333333333334
2019-05-25 06:00:00,21.833333333333332,29.633333333333336,17.833333333333332,244.16666666666666
2019-05-25 12:00:00,18.166666666666668,35.65,11.0,240.0
2019-05-25 18:00:00,19.166666666666668,32.11666666666667,24.666666666666668,247.5
2019-05-26 00:00:00,16.833333333333332,28.55,29.333333333333332,252.5
2019-05-26 06:00:00,19.333333333333332,30.099999999999998,20.833333333333332,258.3333333333333
2019-05-26 12:00:00,12.0,35.73333333333333,14.833333333333334,260.0
2019-05-26 18:00:00,7.166666666666667,32.21666666666667,21.666666666666668,242.5
2019-05-27 00:00:00,12.5,27.883333333333336,20.666666666666668,260.0
2019-05-27 06:00:00,18.833333333333332,29.583333333333332,12.5,247.5
2019-05-27 12:00:00,17.833333333333332,34.63333333333333,13.833333333333334,215.83333333333334
2019-05-27 18:00:00,19.833333333333332,30.816666666666666,16.5,210.83333333333334
2019-05-28 00:00:00,14.0,27.183333333333334,20.0,208.33333333333334
2019-05-28 06:00:00,18.833333333333332,29.483333333333334,16.833333333333332,206.66666666666666
2019-05-28 12:00:00,15.666666666666664,34.266666666666666,18.333333333333332,191.66666666666666
2019-05-28 18:00:00,15.0,30.833333333333332,22.833333333333332,199.16666666666666
2019-05-29 00:00:00,14.291666666666666,27.766666666666666,27.5,205.0
2019-05-29 06:00:00,19.291666666666668,29.71666666666667,31.666666666666668,211.66666666666666
2019-05-29 12:00:00,12.166666666666666,34.1,29.333333333333332,210.0
2019-05-29 18:00:00,14.5,30.833333333333332,30.666666666666668,217.5
2019-05-30 00:00:00,8.999999999999998,27.983333333333334,31.166666666666668,214.16666666666666
2019-05-30 06:00:00,14.166666666666664,29.416666666666668,30.5,227.5
2019-05-30 12:00:00,21.833333333333332,32.93333333333333,27.666666666666668,221.66666666666666
2019-05-30 18:00:00,17.166666666666664,29.849999999999998,24.166666666666668,244.16666666666666
2019-05-31 00:00:00,10.833333333333334,26.816666666666666,20.833333333333332,235.0
2019-05-31 06:00:00,13.0,29.266666666666666,22.166666666666668,218.33333333333334
2019-05-31 12:00:00,13.833333333333334,34.06666666666667,23.833333333333332,215.83333333333334
2019-05-31 18:00:00,24.0,31.26666666666667,23.333333333333332,239.16666666666666
2019-06-01 00:00:00,18.0,27.75,32.0,135.83333333333334
2019-06-01 06:00:00,15.666666666666664,29.066666666666666,29.166666666666668,105.83333333333333
2019-06-01 12:00:00,6.833333333333333,34.083333333333336,21.333333333333332,105.0
2019-06-01 18:00:00,7.666666666666668,31.416666666666668,19.5,103.33333333333333
2019-06-02 00:00:00,14.83333333333333,28.0,12.333333333333334,297.5
2019-06-02 06:00:00,24.666666666666668,29.483333333333334,3.1666666666666665,264.1666666666667
2019-06-02 12:00:00,16.166666666666668,34.733333333333334,6.333333333333333,178.33333333333334
2019-06-02 18:00:00,11.666666666666666,31.5,3.3333333333333335,212.5
2019-06-03 00:00:00,9.833333333333332,27.266666666666666,18.333333333333332,197.5
2019-06-03 06:00:00,24.0,29.46666666666667,17.666666666666668,233.33333333333334
2019-06-03 12:00:00,21.5,35.11666666666667,17.666666666666668,224.16666666666666
2019-06-03 18:00:00,23.333333333333332,31.900000000000002,15.166666666666666,225.0
2019-06-04 00:00:00,26.333333333333332,28.599999999999998,12.0,120.83333333333333
2019-06-04 06:00:00,19.0,30.433333333333334,15.0,119.16666666666667
2019-06-04 12:00:00,12.333333333333334,34.21666666666666,8.166666666666666,136.66666666666666
2019-06-04 18:00:00,19.0,30.53333333333333,5.333333333333333,137.5
2019-06-05 00:00:00,24.666666666666668,28.583333333333332,14.0,220.83333333333334
2019-06-05 06:00:00,25.333333333333332,30.400000000000002,18.0,222.5
2019-06-05 12:00:00,22.333333333333332,33.85,13.5,234.16666666666666
2019-06-05 18:00:00,16.0,30.099999999999998,18.833333333333332,237.5
2019-06-06 00:00:00,11.833333333333334,27.466666666666665,7.166666666666667,130.0
2019-06-06 06:00:00,17.333333333333332,29.55,2.8333333333333335,88.33333333333333
2019-06-06 12:00:00,20.166666666666668,35.93333333333333,2.8333333333333335,94.16666666666667
2019-06-06 18:00:00,20.499999999999996,32.03333333333333,8.333333333333334,85.0
2019-06-07 00:00:00,27.0,28.483333333333334,44.0,238.33333333333334
2019-06-07 06:00:00,27.333333333333332,30.200000000000003,45.833333333333336,272.5
2019-06-07 12:00:00,23.5,34.01666666666667,44.333333333333336,280.0
2019-06-07 18:00:00,22.0,29.683333333333334,37.166666666666664,279.1666666666667
2019-06-08 00:00:00,17.499999999999996,26.866666666666664,44.833333333333336,253.33333333333334
2019-06-08 06:00:00,24.333333333333332,29.083333333333332,63.0,272.5
2019-06-08 12:00:00,18.333333333333332,34.11666666666667,48.5,267.5
2019-06-08 18:00:00,23.666666666666668,30.400000000000002,50.0,273.3333333333333
2019-06-09 00:00:00,11.833333333333334,27.066666666666666,43.0,269.1666666666667
2019-06-09 06:00:00,14.0,29.166666666666668,45.5,273.3333333333333
2019-06-09 12:00:00,8.833333333333334,34.233333333333334,41.333333333333336,277.5
2019-06-09 18:00:00,9.333333333333334,30.150000000000002,38.5,275.0
2019-06-10 00:00:00,9.666666666666666,27.233333333333334,19.833333333333332,114.16666666666667
2019-06-10 06:00:00,18.833333333333332,29.71666666666667,19.5,88.33333333333333
2019-06-10 12:00:00,10.333333333333332,34.68333333333334,15.333333333333334,73.33333333333333
2019-06-10 18:00:00,16.5,29.8,21.333333333333332,80.83333333333333
2019-06-11 00:00:00,18.666666666666668,27.05,11.166666666666666,91.66666666666667
2019-06-11 06:00:00,18.083333333333332,29.2,6.333333333333333,90.0
2019-06-11 12:00:00,12.416666666666664,29.53333333333333,3.3333333333333335,61.666666666666664
2019-06-11 18:00:00,16.0,27.5,2.1666666666666665,117.5
2019-06-12 00:00:00,7.600530993770337,26.53333333333333,45.666666666666664,96.66666666666667
2019-06-12 06:00:00,24.0,29.016666666666666,48.5,80.83333333333333
2019-06-12 12:00:00,23.166666666666668,32.416666666666664,52.5,68.33333333333333
2019-06-12 18:00:00,23.833333333333332,27.95,52.5,63.333333333333336
2019-06-13 00:00:00,17.0,26.3,38.5,207.5
2019-06-13 06:00:00,25.0,28.28333333333333,33.833333333333336,229.16666666666666
2019-06-13 12:00:00,13.333333333333334,32.43333333333333,31.666666666666668,224.16666666666666
2019-06-13 18:00:00,15.166666666666666,28.566666666666666,31.166666666666668,231.66666666666666
2019-06-14 00:00:00,13.0,26.55,29.666666666666668,237.5
2019-06-14 06:00:00,14.333333333333334,28.36666666666667,34.0,238.33333333333334
2019-06-14 12:00:00,28.0,31.783333333333335,32.166666666666664,239.16666666666666
2019-06-14 18:00:00,13.499999999999998,27.96666666666667,34.0,244.16666666666666
2019-06-15 00:00:00,18.833333333333332,26.866666666666664,33.0,240.0
2019-06-15 06:00:00,15.166666666666664,28.5,32.666666666666664,251.66666666666666
2019-06-15 12:00:00,9.333333333333334,32.86666666666667,27.833333333333332,245.83333333333334
2019-06-15 18:00:00,9.5,28.616666666666664,29.166666666666668,246.66666666666666
2019-06-16 00:00:00,13.166666666666666,26.266666666666666,33.5,239.16666666666666
2019-06-16 06:00:00,18.5,27.96666666666667,30.5,245.83333333333334
2019-06-16 12:00:00,14.5,32.7,28.833333333333332,240.83333333333334
2019-06-16 18:00:00,13.300265496885167,28.416666666666668,37.166666666666664,255.83333333333334
2019-06-17 00:00:00,8.666666666666668,26.21666666666667,44.666666666666664,265.0
2019-06-17 06:00:00,11.166666666666666,27.600000000000005,43.833333333333336,267.5
2019-06-17 12:00:00,7.5,29.099999999999998,46.5,267.5
2019-06-17 18:00:00,8.300265496885169,26.53333333333333,53.833333333333336,255.0
2019-06-18 00:00:00,10.833333333333334,25.55,49.5,259.1666666666667
2019-06-18 06:00:00,11.5,25.066666666666666,47.0,265.0
2019-06-18 12:00:00,11.0,27.616666666666664,37.666666666666664,250.83333333333334
2019-06-18 18:00:00,13.666666666666666,26.21666666666667,40.333333333333336,250.83333333333334
2019-06-19 00:00:00,8.833333333333334,25.46666666666667,40.0,242.5
2019-06-19 06:00:00,15.466932163551837,25.8,42.0,246.66666666666666
2019-06-19 12:00:00,13.833333333333334,29.316666666666666,37.833333333333336,245.83333333333334
2019-06-19 18:00:00,24.5,27.03333333333333,36.166666666666664,257.5
2019-06-20 00:00:00,16.0,25.366666666666664,33.666666666666664,257.5
2019-06-20 06:00:00,23.833333333333332,27.53333333333333,36.5,265.8333333333333
2019-06-20 12:00:00,15.666666666666664,32.81666666666667,22.333333333333332,257.5
2019-06-20 18:00:00,16.5,29.566666666666666,24.333333333333332,260.8333333333333
2019-06-21 00:00:00,20.333333333333332,26.78333333333333,22.166666666666668,254.16666666666666
2019-06-21 06:00:00,23.833333333333332,28.233333333333334,20.666666666666668,270.0
2019-06-21 12:00:00,18.333333333333332,33.61666666666667,16.666666666666668,285.0
2019-06-21 18:00:00,18.333333333333332,30.683333333333334,18.0,275.8333333333333
2019-06-22 00:00:00,28.666666666666668,27.616666666666664,12.833333333333334,271.6666666666667
2019-06-22 06:00:00,25.333333333333332,29.150000000000002,14.5,275.8333333333333
2019-06-22 12:00:00,19.833333333333332,35.016666666666666,10.0,290.8333333333333
2019-06-22 18:00:00,24.0,31.366666666666664,10.0,278.3333333333333
2019-06-23 00:00:00,30.5,27.833333333333332,15.0,242.5
2019-06-23 06:00:00,23.500000000000004,29.333333333333332,12.833333333333334,230.0
2019-06-23 12:00:00,20.833333333333332,33.85,6.0,264.1666666666667
2019-06-23 18:00:00,17.333333333333332,30.55,4.666666666666667,235.0
2019-06-24 00:00:00,20.666666666666664,27.433333333333334,12.666666666666666,186.66666666666666
2019-06-24 06:00:00,56.99999999999999,28.349999999999998,15.0,165.83333333333334
2019-06-24 12:00:00,64.5,32.43333333333333,8.5,154.16666666666666
2019-06-24 18:00:00,58.29338842975206,29.066666666666666,13.0,153.33333333333334
2019-06-25 00:00:00,58.657024793388416,26.399999999999995,12.666666666666666,215.0
2019-06-25 06:00:00,57.41735537190082,27.933333333333334,16.833333333333332,233.33333333333334
2019-06-25 12:00:00,56.17768595041323,32.35,21.166666666666668,230.0
2019-06-25 18:00:00,54.93801652892562,28.78333333333333,26.333333333333332,231.66666666666666
2019-06-26 00:00:00,53.69834710743802,26.233333333333334,34.0,229.16666666666666
2019-06-26 06:00:00,52.45867768595042,28.133333333333336,33.0,248.33333333333334
2019-06-26 12:00:00,51.219008264462815,32.800000000000004,30.833333333333332,254.16666666666666
2019-06-26 18:00:00,49.97933884297521,28.7,34.0,247.5
2019-06-27 00:00:00,48.739669421487605,25.916666666666668,39.666666666666664,260.0
2019-06-27 06:00:00,47.5,27.349999999999998,53.5,273.3333333333333
2019-06-27 12:00:00,46.260330578512395,31.7,43.333333333333336,266.6666666666667
2019-06-27 18:00:00,45.02066115702479,27.05,62.5,271.6666666666667
2019-06-28 00:00:00,43.78099173553719,25.333333333333332,55.333333333333336,264.1666666666667
2019-06-28 06:00:00,42.54132231404959,26.366666666666664,51.833333333333336,260.8333333333333
2019-06-28 12:00:00,41.30165289256198,29.53333333333333,53.333333333333336,255.83333333333334
2019-06-28 18:00:00,40.061983471074385,27.21666666666667,49.5,248.33333333333334
2019-06-29 00:00:00,38.82231404958678,25.55,59.666666666666664,249.16666666666666
2019-06-29 06:00:00,37.582644628099175,26.55,64.66666666666667,250.0
2019-06-29 12:00:00,36.34297520661156,29.45,48.5,253.33333333333334
2019-06-29 18:00:00,35.10330578512397,27.066666666666666,55.833333333333336,251.66666666666666
2019-06-30 00:00:00,33.86363636363637,25.583333333333332,57.166666666666664,251.66666666666666
2019-06-30 06:00:00,32.62396694214876,26.566666666666666,57.166666666666664,256.6666666666667
2019-06-30 12:00:00,31.384297520661153,29.55,45.833333333333336,258.3333333333333
2019-06-30 18:00:00,30.144628099173556,26.53333333333333,44.833333333333336,264.1666666666667
2019-07-01 00:00:00,28.90495867768595,24.933333333333334,31.0,135.0
2019-07-01 06:00:00,27.665289256198346,27.099999999999998,30.666666666666668,114.16666666666667
2019-07-01 12:00:00,26.42561983471074,31.383333333333336,19.166666666666668,113.33333333333333
2019-07-01 18:00:00,25.18595041322314,28.366666666666664,19.666666666666668,113.33333333333333
2019-07-02 00:00:00,23.946280991735538,25.516666666666666,6.833333333333333,180.83333333333334
2019-07-02 06:00:00,22.706611570247933,26.016666666666666,5.333333333333333,129.16666666666666
2019-07-02 12:00:00,21.466942148760328,29.066666666666666,3.6666666666666665,141.66666666666666
2019-07-02 18:00:00,20.227272727272723,26.816666666666666,10.5,59.166666666666664
2019-07-03 00:00:00,18.987603305785125,25.266666666666666,20.333333333333332,190.83333333333334
2019-07-03 06:00:00,17.74793388429752,23.75,18.333333333333332,215.0
2019-07-03 12:00:00,16.508264462809915,23.53333333333333,14.833333333333334,202.5
2019-07-03 18:00:00,15.268595041322314,23.25,9.333333333333334,173.33333333333334
2019-07-04 00:00:00,14.028925619834709,23.333333333333332,5.833333333333333,110.83333333333333
2019-07-04 06:00:00,12.789256198347106,23.583333333333332,13.166666666666666,124.16666666666667
2019-07-04 12:00:00,11.5495867768595,24.916666666666668,12.666666666666666,161.66666666666666
2019-07-04 18:00:00,10.844352617079887,24.650000000000002,6.666666666666667,186.66666666666666
2019-07-05 00:00:00,17.166666666666668,23.766666666666666,13.833333333333334,212.5
2019-07-05 06:00:00,6.5,25.583333333333332,13.0,227.5
2019-07-05 12:00:00,10.833333333333334,27.516666666666666,10.833333333333334,225.83333333333334
2019-07-05 18:00:00,15.5,25.55,14.166666666666666,229.16666666666666
2019-07-06 00:00:00,15.666666666666664,24.3,10.166666666666666,140.0
2019-07-06 06:00:00,27.166666666666668,25.599999999999998,12.833333333333334,111.66666666666667
2019-07-06 12:00:00,16.666666666666664,27.833333333333332,11.833333333333334,104.16666666666667
2019-07-06 18:00:00,52.67307692307693,26.433333333333334,13.833333333333334,101.66666666666667
2019-07-07 00:00:00,56.62499999999999,25.233333333333334,38.5,250.0
2019-07-07 06:00:00,51.66346153846154,25.733333333333334,46.0,284.1666666666667
2019-07-07 12:00:00,46.70192307692307,29.05,38.0,276.6666666666667
2019-07-07 18:00:00,41.74038461538462,26.21666666666667,43.666666666666664,276.6666666666667
2019-07-08 00:00:00,36.77884615384616,25.016666666666666,49.333333333333336,280.0
2019-07-08 06:00:00,31.817307692307693,26.61666666666667,50.0,277.5
2019-07-08 12:00:00,26.85576923076923,29.683333333333334,49.666666666666664,284.1666666666667
2019-07-08 18:00:00,21.894230769230774,26.666666666666668,52.666666666666664,281.6666666666667
2019-07-09 00:00:00,26.666666666666668,24.633333333333336,41.5,284.1666666666667
2019-07-09 06:00:00,24.333333333333332,26.400000000000002,40.666666666666664,284.1666666666667
2019-07-09 12:00:00,12.5,31.983333333333334,42.166666666666664,280.8333333333333
2019-07-09 18:00:00,21.0,27.650000000000002,33.166666666666664,283.3333333333333
2019-07-10 00:00:00,18.0,24.899999999999995,25.0,104.16666666666667
2019-07-10 06:00:00,24.166666666666668,26.383333333333336,25.666666666666668,96.66666666666667
2019-07-10 12:00:00,13.666666666666666,31.649999999999995,17.0,95.83333333333333
2019-07-10 18:00:00,22.666666666666668,28.7,15.5,92.5
2019-07-11 00:00:00,21.166666666666668,25.650000000000002,4.833333333333333,60.0
2019-07-11 06:00:00,19.833333333333332,27.116666666666664,13.333333333333334,64.16666666666667
2019-07-11 12:00:00,18.166666666666668,32.65,16.666666666666668,81.66666666666667
2019-07-11 18:00:00,28.0,28.866666666666664,18.666666666666668,100.0
2019-07-12 00:00:00,21.5,25.900000000000002,39.833333333333336,80.83333333333333
2019-07-12 06:00:00,29.0,27.400000000000002,35.833333333333336,85.0
2019-07-12 12:00:00,18.0,33.13333333333333,34.166666666666664,77.5
2019-07-12 18:00:00,30.66666666666666,29.45,36.166666666666664,84.16666666666667
2019-07-13 00:00:00,20.166666666666668,25.099999999999998,33.833333333333336,241.66666666666666
2019-07-13 06:00:00,17.166666666666668,27.016666666666666,23.5,269.1666666666667
2019-07-13 12:00:00,15.166666666666666,32.28333333333334,26.333333333333332,272.5
2019-07-13 18:00:00,20.333333333333332,28.433333333333334,27.5,272.5
2019-07-14 00:00:00,17.666666666666668,25.05,36.5,277.5
2019-07-14 06:00:00,12.5,26.333333333333332,35.666666666666664,286.6666666666667
2019-07-14 12:00:00,11.5,31.96666666666667,29.833333333333332,284.1666666666667
2019-07-14 18:00:00,13.833333333333334,27.816666666666663,33.0,285.0
2019-07-15 00:00:00,10.833333333333334,25.183333333333334,31.0,276.6666666666667
2019-07-15 06:00:00,22.166666666666668,26.483333333333334,28.166666666666668,285.0
2019-07-15 12:00:00,11.999999999999998,32.583333333333336,23.666666666666668,260.8333333333333
2019-07-15 18:00:00,14.83333333333333,28.216666666666665,28.166666666666668,259.1666666666667
2019-07-16 00:00:00,17.5,25.549999999999997,31.666666666666668,277.5
2019-07-16 06:00:00,17.333333333333332,27.166666666666668,26.666666666666668,279.1666666666667
2019-07-16 12:00:00,10.333333333333334,32.93333333333333,19.5,250.0
2019-07-16 18:00:00,20.333333333333332,29.349999999999998,25.833333333333332,248.33333333333334
2019-07-17 00:00:00,16.833333333333332,25.916666666666668,28.833333333333332,258.3333333333333
2019-07-17 06:00:00,12.166666666666666,27.433333333333337,27.0,248.33333333333334
2019-07-17 12:00:00,24.666666666666668,32.666666666666664,23.5,233.33333333333334
2019-07-17 18:00:00,20.5,29.349999999999998,28.833333333333332,239.16666666666666
2019-07-18 00:00:00,13.5,26.45,25.0,235.83333333333334
2019-07-18 06:00:00,9.999999999999998,27.683333333333334,22.333333333333332,241.66666666666666
2019-07-18 12:00:00,9.833333333333334,33.333333333333336,20.666666666666668,242.5
2019-07-18 18:00:00,22.333333333333332,29.833333333333332,25.833333333333332,248.33333333333334
2019-07-19 00:00:00,13.666666666666666,26.016666666666666,25.666666666666668,246.66666666666666
2019-07-19 06:00:00,12.499999999999998,27.549999999999997,29.666666666666668,256.6666666666667
2019-07-19 12:00:00,12.166666666666666,33.11666666666667,20.166666666666668,257.5
2019-07-19 18:00:00,19.333333333333332,29.349999999999998,20.0,243.33333333333334
2019-07-20 00:00:00,7.666666666666667,26.116666666666664,23.0,220.0
2019-07-20 06:00:00,10.833333333333334,27.216666666666665,21.833333333333332,247.5
2019-07-20 12:00:00,11.5,32.65,14.333333333333334,248.33333333333334
2019-07-20 18:00:00,16.166666666666668,28.78333333333333,20.666666666666668,228.33333333333334
2019-07-21 00:00:00,13.0,26.116666666666664,32.5,225.83333333333334
2019-07-21 06:00:00,14.0,26.099999999999998,29.5,225.0
2019-07-21 12:00:00,11.833333333333334,29.299999999999997,30.5,234.16666666666666
2019-07-21 18:00:00,13.333333333333334,26.71666666666667,30.5,252.5
2019-07-22 00:00:00,12.166666666666666,25.416666666666668,32.0,260.0
2019-07-22 06:00:00,22.0,26.75,33.666666666666664,260.0
2019-07-22 12:00:00,11.0,29.983333333333334,27.666666666666668,264.1666666666667
2019-07-22 18:00:00,26.499999999999996,27.900000000000002,25.166666666666668,265.8333333333333
2019-07-23 00:00:00,18.166666666666668,26.28333333333333,23.5,260.0
2019-07-23 06:00:00,23.333333333333332,27.583333333333332,31.166666666666668,259.1666666666667
2019-07-23 12:00:00,14.333333333333334,32.71666666666667,37.0,255.0
2019-07-23 18:00:00,21.5,29.383333333333336,32.5,265.8333333333333
2019-07-24 00:00:00,22.833333333333332,26.166666666666668,30.0,273.3333333333333
2019-07-24 06:00:00,21.333333333333332,26.166666666666668,36.666666666666664,276.6666666666667
2019-07-24 12:00:00,11.666666666666666,28.316666666666666,40.333333333333336,282.5
2019-07-24 18:00:00,18.0,26.616666666666664,38.333333333333336,271.6666666666667
2019-07-25 00:00:00,16.499999999999996,25.53333333333333,33.833333333333336,270.8333333333333
2019-07-25 06:00:00,13.33333333333333,26.01666666666667,38.5,265.8333333333333
2019-07-25 12:00:00,9.500000000000002,26.916666666666668,38.333333333333336,255.83333333333334
2019-07-25 18:00:00,17.833333333333332,24.783333333333335,43.333333333333336,254.16666666666666
2019-07-26 00:00:00,20.999999999999996,24.016666666666666,48.333333333333336,268.3333333333333
2019-07-26 06:00:00,27.0,25.283333333333335,51.666666666666664,274.1666666666667
2019-07-26 12:00:00,14.333333333333334,28.566666666666666,42.666666666666664,275.0
2019-07-26 18:00:00,38.00000000000001,25.916666666666668,35.166666666666664,282.5
2019-07-27 00:00:00,22.66666666666666,24.599999999999998,36.333333333333336,263.3333333333333
2019-07-27 06:00:00,13.83333333333333,25.599999999999998,37.0,268.3333333333333
2019-07-27 12:00:00,13.833333333333334,28.849999999999998,29.5,277.5
2019-07-27 18:00:00,23.666666666666668,26.71666666666667,25.5,273.3333333333333
2019-07-28 00:00:00,34.166666666666664,25.316666666666666,23.0,258.3333333333333
2019-07-28 06:00:00,18.999999999999996,25.866666666666664,26.333333333333332,251.66666666666666
2019-07-28 12:00:00,8.166666666666666,30.349999999999998,28.333333333333332,260.0
2019-07-28 18:00:00,23.166666666666668,28.133333333333336,30.166666666666668,253.33333333333334
2019-07-29 00:00:00,13.166666666666666,25.400000000000002,28.5,259.1666666666667
2019-07-29 06:00:00,11.5,25.3,34.333333333333336,276.6666666666667
2019-07-29 12:00:00,11.5,30.633333333333336,32.5,276.6666666666667
2019-07-29 18:00:00,14.333333333333334,27.116666666666664,41.166666666666664,276.6666666666667
2019-07-30 00:00:00,10.166666666666666,24.349999999999998,44.833333333333336,288.3333333333333
2019-07-30 06:00:00,16.5,25.166666666666668,29.166666666666668,305.0
2019-07-30 12:00:00,15.666666666666664,29.733333333333334,39.166666666666664,288.3333333333333
2019-07-30 18:00:00,18.833333333333332,26.46666666666667,40.333333333333336,287.5
2019-07-31 00:00:00,12.5,23.849999999999998,53.0,294.1666666666667
2019-07-31 06:00:00,11.666666666666666,24.349999999999998,49.833333333333336,288.3333333333333
2019-07-31 12:00:00,14.666666666666666,29.016666666666666,51.166666666666664,285.8333333333333
2019-07-31 18:00:00,12.833333333333334,26.266666666666666,56.333333333333336,270.8333333333333
2019-08-01 00:00:00,9.333333333333334,23.583333333333332,34.333333333333336,143.33333333333334
2019-08-01 06:00:00,18.833333333333332,23.400000000000002,31.666666666666668,132.5
2019-08-01 12:00:00,11.666666666666666,25.650000000000002,22.666666666666668,153.33333333333334
2019-08-01 18:00:00,12.666666666666666,24.78333333333333,16.666666666666668,121.66666666666667
2019-08-02 00:00:00,19.5,23.7,10.166666666666666,54.166666666666664
2019-08-02 06:00:00,24.916666666666668,23.45,10.5,39.166666666666664
2019-08-02 12:00:00,29.749999999999996,27.366666666666664,6.5,141.66666666666666
2019-08-02 18:00:00,15.166666666666666,25.599999999999998,5.0,69.16666666666667
2019-08-03 00:00:00,18.166666666666668,24.333333333333332,11.5,171.66666666666666
2019-08-03 06:00:00,28.166666666666668,23.883333333333336,15.166666666666666,185.83333333333334
2019-08-03 12:00:00,17.166666666666664,25.46666666666667,16.666666666666668,195.83333333333334
2019-08-03 18:00:00,19.5,25.633333333333336,10.666666666666666,201.66666666666666
2019-08-04 00:00:00,12.5,24.616666666666664,10.666666666666666,185.83333333333334
2019-08-04 06:00:00,10.166666666666666,24.566666666666666,7.833333333333333,238.33333333333334
2019-08-04 12:00:00,5.833333333333333,25.816666666666666,5.666666666666667,230.83333333333334
2019-08-04 18:00:00,20.166666666666668,25.21666666666667,4.0,219.16666666666666
2019-08-05 00:00:00,16.999999999999996,24.25,15.5,219.16666666666666
2019-08-05 06:00:00,16.166666666666668,24.483333333333334,17.333333333333332,230.0
2019-08-05 12:00:00,8.166666666666668,25.383333333333336,13.333333333333334,222.5
2019-08-05 18:00:00,11.166666666666666,24.683333333333334,23.833333333333332,226.66666666666666
2019-08-06 00:00:00,9.333333333333334,24.25,15.833333333333334,123.33333333333333
2019-08-06 06:00:00,17.0,24.55,11.833333333333334,93.33333333333333
2019-08-06 12:00:00,9.333333333333334,27.78333333333333,7.166666666666667,109.16666666666667
2019-08-06 18:00:00,12.5,26.066666666666666,7.0,143.33333333333334
